INSERT INTO journal (id_barbershop,id_service,date,id_client)
VALUES
  (337,2,'24.04.2008',861),
  (166,3,'18.04.2012',276),
  (491,4,'13.04.2007',354),
  (21,3,'08.07.2016',982),
  (1065,1,'26.02.2023',726),
  (1868,1,'22.10.2005',742),
  (1154,3,'30.05.2022',495),
  (1525,7,'16.07.2008',30),
  (822,1,'19.01.2015',525),
  (1865,4,'25.05.2022',361),
  (1439,7,'27.12.2020',716),
  (1709,3,'21.01.2024',752),
  (1426,7,'29.11.2019',860),
  (1820,1,'21.04.2020',316),
  (188,6,'02.07.2011',254),
  (749,1,'16.07.2018',90),
  (1889,3,'21.09.2011',507),
  (597,2,'29.05.2019',520),
  (614,6,'03.09.2017',225),
  (992,4,'24.08.2007',410),
  (211,2,'10.04.2014',42),
  (1053,4,'11.02.2022',380),
  (796,6,'01.10.2018',638),
  (1124,7,'05.02.2016',365),
  (741,6,'29.07.2013',118),
  (1869,6,'17.03.2005',942),
  (120,4,'18.09.2015',451),
  (243,6,'06.06.2021',999),
  (1303,5,'13.03.2017',402),
  (1025,3,'18.08.2008',721),
  (1941,6,'03.03.2011',384),
  (822,5,'04.11.2016',574),
  (563,5,'08.06.2013',77),
  (972,6,'07.01.2007',814),
  (1817,6,'29.01.2022',758),
  (321,6,'10.06.2021',984),
  (887,5,'20.12.2006',916),
  (727,6,'25.04.2010',939),
  (520,6,'28.07.2012',778),
  (1390,5,'08.03.2020',366),
  (198,1,'05.04.2011',870),
  (1993,6,'05.04.2017',726),
  (786,2,'18.03.2008',841),
  (926,6,'23.09.2022',793),
  (1938,1,'29.03.2005',576),
  (125,4,'13.02.2019',679),
  (1853,6,'19.01.2012',787),
  (465,2,'27.10.2022',105),
  (1483,2,'17.06.2018',187),
  (965,3,'27.09.2007',554),
  (985,1,'16.04.2008',826),
  (471,3,'14.09.2015',471),
  (327,5,'04.12.2018',290),
  (1981,4,'07.05.2023',128),
  (919,5,'14.10.2024',344),
  (722,4,'09.02.2024',477),
  (1245,5,'07.04.2021',512),
  (234,2,'07.10.2011',797),
  (1393,4,'14.11.2013',820),
  (984,7,'27.09.2009',38),
  (612,7,'25.07.2007',391),
  (1304,3,'30.04.2008',531),
  (1177,2,'25.03.2014',682),
  (1346,2,'16.03.2013',185),
  (332,2,'17.07.2005',671),
  (1008,5,'31.01.2008',364),
  (1325,2,'24.12.2009',37),
  (176,6,'06.01.2011',4),
  (1409,7,'14.11.2024',586),
  (1898,5,'25.01.2007',671),
  (124,2,'06.12.2015',643),
  (746,2,'14.10.2024',319),
  (579,7,'30.12.2021',689),
  (474,5,'01.05.2015',301),
  (422,3,'12.12.2021',908),
  (310,4,'25.01.2016',963),
  (844,1,'21.12.2017',679),
  (714,2,'13.01.2017',170),
  (1536,5,'12.03.2005',859),
  (673,7,'26.08.2020',545),
  (1998,7,'30.11.2022',579),
  (1224,3,'24.05.2016',283),
  (1461,3,'06.02.2009',669),
  (856,6,'22.09.2012',5),
  (1065,6,'21.05.2008',274),
  (939,5,'11.11.2007',533),
  (1719,4,'25.10.2008',700),
  (1555,2,'30.12.2024',821),
  (1777,3,'06.06.2008',178),
  (6,6,'02.04.2019',459),
  (1561,6,'13.06.2024',718),
  (775,3,'10.10.2017',851),
  (1378,6,'11.08.2009',211),
  (308,6,'26.11.2008',965),
  (266,5,'26.10.2021',399),
  (1446,2,'07.09.2014',916),
  (1437,3,'22.05.2022',61),
  (1817,4,'16.02.2005',338),
  (707,2,'24.08.2018',274),
  (381,2,'22.07.2015',256),
  (979,4,'27.07.2005',906),
  (621,5,'08.06.2006',717),
  (1543,3,'18.08.2008',898),
  (1935,5,'04.02.2013',667),
  (1957,2,'20.05.2015',421),
  (770,4,'19.03.2022',256),
  (1930,5,'25.10.2024',983),
  (1147,2,'24.06.2019',797),
  (985,1,'30.05.2010',999),
  (782,5,'31.01.2011',1),
  (1303,5,'09.09.2012',297),
  (448,3,'08.11.2012',723),
  (1862,2,'12.10.2023',701),
  (22,1,'23.11.2012',501),
  (577,6,'10.10.2015',592),
  (841,3,'15.11.2007',483),
  (1177,6,'09.07.2015',893),
  (1631,7,'25.04.2020',542),
  (1730,5,'06.07.2009',449),
  (925,2,'25.04.2024',25),
  (581,6,'08.11.2019',115),
  (1740,6,'22.03.2020',453),
  (795,2,'05.01.2013',117),
  (1016,5,'05.12.2015',416),
  (1660,4,'24.07.2020',938),
  (1164,2,'20.02.2012',184),
  (743,4,'08.02.2021',644),
  (782,7,'10.01.2014',511),
  (1824,3,'14.09.2017',748),
  (1874,3,'18.02.2017',450),
  (832,3,'30.06.2016',882),
  (1949,2,'28.01.2011',649),
  (974,1,'16.04.2016',858),
  (1657,3,'09.12.2009',395),
  (1709,2,'03.12.2024',739),
  (1140,5,'28.06.2005',301),
  (569,6,'04.02.2012',710),
  (493,1,'04.05.2007',679),
  (1745,4,'30.09.2005',343),
  (8,5,'30.10.2019',583),
  (245,2,'30.06.2020',121),
  (1519,2,'21.09.2019',96),
  (1531,3,'10.11.2010',909),
  (1149,2,'29.06.2006',159),
  (445,6,'29.04.2019',727),
  (1313,4,'23.11.2007',477),
  (212,3,'08.05.2021',321),
  (1199,5,'15.05.2010',904),
  (534,1,'04.01.2008',914),
  (1923,5,'23.10.2011',238),
  (1632,5,'29.10.2015',529),
  (1111,5,'09.01.2005',665),
  (895,4,'21.07.2015',237),
  (574,4,'17.10.2010',146),
  (758,6,'27.05.2013',332),
  (1325,1,'05.03.2019',476),
  (1366,2,'29.09.2013',692),
  (901,3,'19.12.2020',253),
  (1637,7,'30.11.2021',180),
  (1864,5,'16.11.2016',546),
  (993,5,'21.08.2023',946),
  (567,4,'16.08.2005',992),
  (465,6,'07.01.2016',250),
  (891,1,'26.03.2011',495),
  (938,4,'08.10.2006',369),
  (905,5,'03.07.2020',713),
  (706,5,'09.05.2007',394),
  (190,7,'26.10.2015',663),
  (497,4,'15.11.2020',865),
  (271,1,'16.08.2022',464),
  (318,5,'06.11.2024',663),
  (1942,3,'15.06.2006',839),
  (799,7,'25.06.2013',532),
  (1121,6,'05.05.2010',346),
  (677,3,'17.08.2021',733),
  (1017,6,'20.11.2024',886),
  (1972,2,'17.02.2007',476),
  (1754,7,'24.03.2009',790),
  (1009,7,'23.09.2021',94),
  (717,2,'02.05.2006',790),
  (913,3,'12.04.2008',319),
  (1193,5,'24.05.2011',742),
  (1283,4,'27.11.2014',874),
  (468,6,'25.04.2024',979),
  (149,5,'29.04.2010',853),
  (121,2,'11.01.2015',246),
  (941,7,'02.08.2006',547),
  (1497,6,'11.08.2005',371),
  (723,6,'30.01.2015',902),
  (1443,6,'04.05.2005',581),
  (846,3,'06.05.2014',766),
  (272,3,'08.05.2009',904),
  (1514,2,'25.06.2022',845),
  (753,7,'28.12.2009',357),
  (660,3,'01.09.2007',471),
  (1762,2,'28.05.2009',168),
  (1550,4,'27.06.2010',729),
  (1724,2,'05.07.2017',218),
  (256,5,'30.01.2007',374),
  (112,2,'14.01.2013',347),
  (1967,7,'08.02.2008',195),
  (1707,5,'02.01.2021',482),
  (590,3,'29.07.2024',925),
  (1334,2,'02.09.2023',681),
  (1104,7,'30.07.2018',149),
  (920,3,'28.07.2013',801),
  (324,6,'17.07.2022',885),
  (366,2,'22.12.2013',971),
  (119,4,'09.04.2006',652),
  (732,3,'28.08.2010',451),
  (1636,4,'25.11.2020',444),
  (500,4,'10.08.2007',677),
  (1360,4,'23.04.2017',895),
  (1017,2,'24.04.2005',344),
  (472,6,'24.02.2020',69),
  (411,4,'31.07.2016',87),
  (1227,3,'22.05.2006',327),
  (1823,3,'22.12.2018',663),
  (1992,4,'01.10.2006',412),
  (1986,6,'20.05.2005',628),
  (718,4,'28.06.2015',585),
  (428,2,'14.01.2016',758),
  (122,7,'19.09.2009',306),
  (811,2,'17.08.2013',178),
  (702,6,'17.10.2017',461),
  (1465,3,'30.05.2007',737),
  (629,5,'09.10.2019',823),
  (891,7,'09.12.2018',942),
  (1079,4,'30.11.2017',236),
  (843,1,'30.05.2009',894),
  (913,6,'21.02.2015',733),
  (881,7,'16.07.2024',706),
  (128,2,'09.09.2010',227),
  (304,2,'09.12.2022',420),
  (1090,1,'06.08.2023',404),
  (714,5,'26.12.2013',723),
  (1596,5,'10.10.2024',407),
  (1361,3,'21.04.2017',875),
  (365,6,'29.12.2011',21),
  (363,6,'21.09.2022',52),
  (295,6,'22.03.2020',172),
  (984,6,'10.08.2023',301),
  (1205,3,'25.09.2005',91),
  (1449,6,'11.09.2013',629),
  (1798,5,'19.10.2022',864),
  (988,4,'31.10.2010',858),
  (1037,3,'02.01.2012',43),
  (887,5,'21.01.2021',846),
  (616,6,'13.01.2005',794),
  (1636,2,'25.09.2010',346),
  (113,1,'21.02.2005',880),
  (723,4,'14.10.2015',646),
  (1367,6,'28.05.2013',499),
  (1184,3,'27.06.2020',869),
  (1216,5,'20.09.2012',162),
  (389,1,'18.08.2013',60),
  (1819,5,'10.11.2005',392),
  (1139,1,'11.06.2021',635),
  (1770,6,'25.10.2008',699),
  (1981,3,'04.08.2009',71),
  (749,6,'04.04.2020',679),
  (1162,6,'05.10.2020',420),
  (1569,5,'07.02.2005',551),
  (723,3,'08.07.2008',466),
  (1965,3,'14.03.2022',770),
  (451,5,'20.11.2012',359),
  (1643,2,'22.11.2016',293),
  (736,1,'24.03.2014',893),
  (670,3,'16.10.2011',251),
  (274,5,'08.12.2021',553),
  (106,2,'18.06.2016',220),
  (1894,7,'23.01.2013',394),
  (1950,2,'17.04.2012',936),
  (1875,5,'27.04.2015',239),
  (501,2,'08.03.2021',297),
  (888,5,'06.07.2012',126),
  (317,4,'25.12.2022',58),
  (891,4,'28.12.2024',575),
  (1162,5,'28.06.2012',18),
  (1532,1,'06.06.2019',920),
  (1590,3,'15.04.2008',574),
  (271,1,'05.12.2021',258),
  (1556,2,'21.10.2008',18),
  (750,5,'14.09.2013',660),
  (1247,5,'22.12.2010',163),
  (1346,4,'16.09.2023',34),
  (888,2,'05.02.2021',12),
  (804,7,'23.08.2009',128),
  (1011,6,'04.04.2013',779),
  (1592,6,'25.05.2023',236),
  (1611,5,'10.10.2017',465),
  (743,6,'09.12.2024',449),
  (1137,4,'18.05.2018',345),
  (1630,6,'11.08.2023',942),
  (591,6,'15.09.2008',370),
  (288,6,'08.08.2006',563),
  (1656,7,'26.08.2008',867),
  (743,6,'17.01.2013',775),
  (1572,2,'05.06.2019',305),
  (1724,4,'16.06.2024',421),
  (1323,6,'13.05.2013',262),
  (449,6,'14.12.2012',711),
  (1103,6,'23.10.2008',94),
  (530,2,'19.07.2019',679),
  (1259,7,'14.05.2005',81),
  (1158,5,'04.07.2013',655),
  (196,7,'18.12.2007',895),
  (1054,1,'10.11.2012',402),
  (239,6,'08.05.2013',958),
  (1397,3,'23.06.2023',122),
  (242,7,'14.01.2022',645),
  (461,5,'20.09.2011',256),
  (446,3,'31.12.2022',512),
  (770,6,'11.05.2023',730),
  (380,3,'21.07.2006',266),
  (734,1,'09.01.2016',592),
  (1638,7,'08.01.2022',541),
  (795,5,'23.05.2016',96),
  (1166,2,'29.12.2010',601),
  (1452,3,'11.02.2007',622),
  (1652,1,'24.12.2020',350),
  (1008,2,'23.08.2023',736),
  (1157,4,'14.03.2018',425),
  (97,1,'27.10.2015',506),
  (554,1,'25.01.2016',441),
  (567,2,'07.06.2008',692),
  (1783,3,'17.10.2020',50),
  (1337,4,'04.06.2010',68),
  (1466,3,'17.06.2021',153),
  (607,3,'27.07.2014',59),
  (1647,3,'18.12.2019',990),
  (609,1,'18.04.2009',331),
  (784,6,'25.05.2013',796),
  (1131,3,'28.03.2021',120),
  (1315,3,'23.04.2005',18),
  (1503,6,'22.03.2018',821),
  (1048,5,'29.12.2018',996),
  (1050,3,'20.02.2016',356),
  (457,5,'18.02.2016',667),
  (141,3,'13.08.2017',634),
  (1381,6,'20.03.2020',827),
  (1127,3,'30.09.2022',746),
  (219,1,'19.08.2017',265),
  (959,4,'24.06.2013',325),
  (511,4,'02.01.2017',507),
  (1384,5,'11.10.2017',308),
  (1980,3,'15.07.2024',302),
  (1838,2,'16.01.2014',448),
  (654,4,'01.12.2024',558),
  (212,2,'06.12.2024',973),
  (1463,7,'27.01.2018',884),
  (737,5,'27.01.2006',216),
  (620,5,'19.09.2005',608),
  (1650,2,'08.07.2008',446),
  (87,4,'03.02.2015',363),
  (1271,6,'30.12.2016',567),
  (1959,2,'17.04.2024',519),
  (1806,1,'16.08.2008',948),
  (663,6,'21.07.2019',328),
  (1466,4,'09.10.2013',469),
  (58,5,'08.06.2015',374),
  (799,5,'22.05.2016',810),
  (1650,3,'04.02.2018',507),
  (801,3,'15.01.2014',657),
  (1126,6,'23.06.2011',808),
  (1594,1,'05.10.2011',908),
  (614,5,'26.05.2007',959),
  (1758,5,'19.08.2010',86),
  (239,3,'23.08.2007',524),
  (720,5,'09.02.2021',816),
  (1219,2,'06.07.2023',961),
  (1091,2,'01.05.2010',766),
  (1512,4,'01.12.2020',87),
  (437,7,'12.08.2014',694),
  (130,4,'05.05.2006',809),
  (649,7,'28.08.2011',801),
  (133,6,'19.07.2011',544),
  (1076,7,'30.06.2009',531),
  (288,3,'25.08.2006',797),
  (308,4,'01.04.2016',873),
  (20,4,'23.03.2018',864),
  (1194,2,'14.08.2012',767),
  (1097,5,'16.01.2016',547),
  (1089,2,'28.01.2016',249),
  (155,3,'18.02.2010',426),
  (1250,4,'24.07.2013',815),
  (558,4,'08.05.2016',423),
  (400,6,'09.06.2016',537),
  (1959,7,'13.09.2019',862),
  (1387,1,'09.04.2012',210),
  (988,2,'29.06.2021',850),
  (1791,5,'12.02.2013',123),
  (1272,3,'09.01.2006',410),
  (663,3,'21.05.2016',146),
  (1217,4,'18.01.2019',517),
  (1481,2,'17.06.2023',325),
  (1706,2,'09.03.2014',523),
  (497,5,'29.07.2018',939),
  (721,4,'25.08.2011',54),
  (97,4,'03.09.2020',310),
  (1212,3,'20.01.2018',862),
  (1123,6,'30.09.2020',746),
  (1290,5,'17.08.2015',381),
  (1182,7,'05.05.2021',355),
  (817,3,'22.12.2015',316),
  (1291,1,'13.07.2023',103),
  (1516,2,'29.08.2020',570),
  (386,5,'24.03.2024',556),
  (1907,2,'07.06.2014',453),
  (352,5,'16.03.2023',582),
  (1562,6,'12.09.2006',608),
  (1420,1,'14.12.2021',960),
  (456,3,'19.11.2020',989),
  (1039,2,'13.03.2023',806),
  (1742,6,'06.08.2020',604),
  (742,2,'05.05.2005',864),
  (1598,3,'07.08.2012',665),
  (1621,2,'07.07.2023',995),
  (478,4,'20.07.2010',120),
  (1561,5,'14.09.2013',944),
  (20,6,'11.03.2021',775),
  (1639,3,'28.08.2020',18),
  (1839,6,'19.02.2013',249),
  (1014,3,'25.11.2008',798),
  (441,4,'17.01.2011',21),
  (368,1,'04.04.2011',608),
  (54,7,'20.04.2018',48),
  (1964,2,'23.06.2022',985),
  (476,6,'11.12.2013',193),
  (353,2,'12.06.2019',214),
  (1583,5,'22.04.2022',810),
  (95,5,'06.09.2018',526),
  (566,7,'16.10.2008',669),
  (199,7,'11.04.2012',694),
  (1854,3,'21.12.2020',251),
  (742,4,'18.11.2023',699),
  (819,3,'04.04.2007',806),
  (678,4,'24.09.2008',749),
  (133,3,'09.02.2022',71),
  (1030,5,'09.11.2011',463),
  (674,3,'20.12.2015',904),
  (1444,3,'19.12.2005',791),
  (259,3,'08.11.2022',642),
  (1658,6,'08.07.2018',441),
  (1573,5,'15.10.2023',616),
  (641,4,'04.08.2014',5),
  (230,6,'11.09.2023',806),
  (104,7,'09.05.2013',78),
  (486,3,'08.05.2021',130),
  (1857,6,'26.08.2023',584),
  (1959,4,'21.07.2022',644),
  (227,6,'12.10.2010',105),
  (572,4,'02.04.2005',497),
  (397,6,'05.10.2016',251),
  (112,3,'23.10.2008',909),
  (1641,3,'02.10.2009',610),
  (165,2,'24.01.2017',244),
  (1826,3,'16.01.2014',520),
  (256,7,'31.05.2005',913),
  (1268,6,'15.01.2011',489),
  (756,3,'06.10.2010',87),
  (1623,4,'12.02.2012',296),
  (1473,2,'24.02.2007',565),
  (1718,5,'19.02.2024',883),
  (41,4,'15.01.2010',885),
  (18,3,'19.07.2006',175),
  (732,4,'08.02.2010',800),
  (158,5,'01.04.2008',217),
  (935,4,'23.07.2006',751),
  (1916,4,'27.07.2020',835),
  (1358,5,'25.09.2007',468),
  (518,5,'23.07.2008',613),
  (685,5,'06.07.2014',772),
  (1459,5,'10.10.2013',913),
  (1804,6,'03.03.2011',796),
  (1618,2,'05.08.2015',93),
  (1246,4,'12.12.2023',81),
  (145,3,'13.01.2010',630),
  (473,4,'04.06.2013',107),
  (1542,6,'08.05.2010',867),
  (982,5,'18.02.2018',721),
  (111,3,'02.08.2023',706),
  (1613,4,'18.01.2014',948),
  (343,3,'27.08.2021',758),
  (1184,4,'29.04.2010',462),
  (1183,3,'14.10.2021',48),
  (155,1,'24.10.2014',475),
  (1304,3,'27.10.2010',311),
  (1685,3,'11.03.2024',254),
  (527,2,'25.07.2005',928),
  (519,2,'01.11.2021',516),
  (87,3,'21.07.2016',104),
  (1883,3,'16.03.2024',773),
  (1859,3,'21.04.2016',639),
  (1194,6,'23.06.2011',186),
  (1486,5,'11.02.2016',333),
  (1130,6,'20.02.2020',847),
  (1543,4,'05.12.2015',243),
  (1436,6,'27.05.2016',851),
  (1798,6,'02.08.2005',786);
