INSERT INTO journal (id_barbershop,id_service,date,id_client)
VALUES
  (1260,3,'26.02.2017',85),
  (1663,5,'05.02.2012',871),
  (299,3,'15.04.2018',909),
  (856,2,'11.01.2023',795),
  (1411,4,'13.05.2010',735),
  (1083,3,'30.10.2021',22),
  (1013,3,'12.07.2022',927),
  (1564,4,'30.03.2021',545),
  (1560,6,'13.07.2023',887),
  (1564,5,'20.10.2008',257),
  (1742,5,'06.01.2024',560),
  (1039,5,'04.03.2007',72),
  (1408,5,'25.06.2018',116),
  (139,4,'16.03.2019',539),
  (69,4,'07.12.2010',860),
  (119,6,'17.09.2006',433),
  (8,2,'17.04.2006',487),
  (752,5,'26.02.2020',687),
  (1425,3,'26.11.2005',830),
  (99,4,'04.05.2012',691),
  (711,6,'15.06.2022',252),
  (269,1,'05.08.2012',161),
  (669,3,'20.03.2005',555),
  (1225,6,'25.10.2013',721),
  (1962,6,'07.05.2015',216),
  (1003,1,'26.12.2020',941),
  (1664,6,'24.09.2015',724),
  (146,3,'22.01.2022',180),
  (1880,6,'07.09.2017',327),
  (1199,2,'08.01.2021',651),
  (873,3,'19.10.2009',378),
  (1079,6,'18.07.2015',629),
  (1237,1,'24.08.2016',518),
  (1357,3,'06.07.2016',517),
  (1827,5,'24.11.2010',267),
  (372,3,'18.04.2008',711),
  (1646,3,'15.08.2010',551),
  (1905,3,'12.01.2022',819),
  (1201,1,'22.07.2007',829),
  (1092,3,'19.07.2015',660),
  (1492,6,'06.01.2010',692),
  (1487,5,'02.04.2022',576),
  (999,5,'17.01.2019',130),
  (138,2,'27.03.2006',253),
  (965,2,'20.06.2007',330),
  (1640,3,'24.07.2021',740),
  (571,3,'14.10.2010',93),
  (1392,7,'14.09.2017',783),
  (373,4,'07.07.2014',414),
  (167,1,'14.12.2016',725),
  (1570,6,'25.04.2020',97),
  (1429,5,'21.10.2008',955),
  (1868,4,'02.04.2024',633),
  (349,4,'19.01.2013',684),
  (3,5,'20.08.2021',200),
  (324,1,'26.03.2011',83),
  (172,6,'06.03.2018',666),
  (1229,6,'04.04.2021',759),
  (1491,4,'03.10.2014',184),
  (1556,6,'06.07.2009',510),
  (1017,3,'19.09.2020',394),
  (98,4,'06.05.2022',346),
  (1775,5,'06.03.2019',256),
  (1894,6,'25.05.2014',878),
  (156,2,'28.04.2023',388),
  (493,3,'14.11.2022',542),
  (1792,3,'10.09.2008',315),
  (1668,4,'12.03.2008',453),
  (474,3,'24.09.2007',155),
  (1785,3,'24.05.2015',777),
  (1036,3,'15.05.2014',682),
  (50,3,'18.12.2007',638),
  (1792,2,'26.06.2010',865),
  (1314,7,'14.04.2020',916),
  (187,2,'29.06.2014',951),
  (833,6,'04.11.2016',941),
  (1806,2,'29.10.2018',516),
  (1235,2,'06.09.2022',547),
  (1917,2,'30.11.2008',248),
  (1274,2,'12.07.2007',484),
  (1024,3,'03.11.2024',195),
  (294,4,'14.03.2016',86),
  (475,3,'28.10.2011',365),
  (931,6,'30.08.2013',646),
  (207,3,'13.03.2022',731),
  (209,6,'09.08.2007',354),
  (1854,5,'07.05.2014',784),
  (1725,5,'22.10.2013',586),
  (404,4,'18.08.2013',651),
  (1576,3,'04.09.2020',519),
  (1390,3,'01.01.2011',468),
  (1501,7,'29.05.2017',467),
  (1584,7,'20.01.2014',820),
  (1800,3,'12.08.2014',144),
  (112,4,'03.05.2020',908),
  (1982,4,'01.09.2020',452),
  (1654,4,'14.12.2020',351),
  (1259,5,'08.05.2022',97),
  (571,5,'12.06.2021',943),
  (242,4,'30.11.2018',963),
  (1996,2,'26.12.2016',384),
  (1715,7,'12.08.2014',93),
  (1506,2,'21.08.2015',4),
  (494,4,'13.12.2020',639),
  (974,1,'21.09.2005',269),
  (1145,3,'07.03.2022',573),
  (1373,2,'02.04.2011',314),
  (146,3,'31.01.2024',6),
  (339,6,'30.04.2008',954),
  (1936,4,'11.03.2018',190),
  (29,4,'04.06.2023',189),
  (191,7,'01.08.2007',872),
  (832,4,'19.06.2024',251),
  (50,3,'11.06.2007',140),
  (33,5,'19.02.2021',809),
  (1776,4,'28.06.2010',502),
  (84,6,'29.10.2013',366),
  (1905,6,'13.09.2021',332),
  (76,6,'03.01.2012',384),
  (985,5,'31.03.2019',964),
  (1996,5,'06.10.2011',351),
  (578,4,'09.02.2013',333),
  (1652,7,'14.12.2010',848),
  (480,4,'03.03.2005',668),
  (1158,4,'31.07.2022',139),
  (293,2,'23.11.2023',996),
  (735,1,'17.12.2017',279),
  (1676,5,'31.01.2016',970),
  (1843,4,'04.08.2008',496),
  (149,6,'24.01.2016',362),
  (747,3,'21.07.2015',154),
  (707,4,'04.10.2007',373),
  (1132,5,'23.01.2012',58),
  (1266,3,'20.09.2023',528),
  (650,4,'05.04.2017',18),
  (122,4,'15.07.2009',762),
  (376,4,'30.12.2018',275),
  (175,7,'29.02.2012',726),
  (76,2,'07.07.2008',846),
  (1316,6,'04.05.2005',345),
  (1100,6,'03.09.2020',535),
  (573,3,'22.10.2011',735),
  (976,4,'30.08.2006',167),
  (486,7,'25.12.2011',165),
  (1465,7,'18.04.2023',980),
  (1528,2,'14.10.2007',378),
  (1913,6,'09.09.2008',629),
  (1686,2,'26.02.2024',380),
  (1068,3,'14.05.2013',570),
  (256,5,'02.09.2008',30),
  (984,4,'06.04.2007',3),
  (343,3,'14.05.2009',466),
  (1173,5,'10.02.2007',15),
  (273,2,'02.07.2006',288),
  (261,5,'16.09.2017',477),
  (1096,4,'03.06.2008',664),
  (775,5,'10.12.2014',311),
  (1683,6,'04.02.2019',878),
  (811,3,'08.08.2023',316),
  (1493,3,'02.03.2023',990),
  (714,4,'05.08.2018',863),
  (1859,4,'02.01.2021',121),
  (1168,6,'12.09.2020',771),
  (1634,6,'30.11.2007',357),
  (1681,6,'25.05.2010',997),
  (924,4,'21.09.2008',410),
  (225,2,'28.09.2014',330),
  (1116,4,'16.04.2010',600),
  (1030,5,'18.03.2019',979),
  (770,5,'29.08.2015',839),
  (585,2,'17.04.2016',496),
  (795,4,'17.12.2023',218),
  (1157,7,'14.01.2018',855),
  (1619,4,'20.11.2020',840),
  (896,7,'20.03.2022',476),
  (1469,4,'07.08.2011',864),
  (481,5,'26.11.2018',160),
  (483,3,'16.06.2020',461),
  (1406,5,'16.05.2017',559),
  (1534,4,'24.09.2022',970),
  (386,1,'14.03.2009',924),
  (1296,3,'07.10.2009',47),
  (160,7,'20.05.2009',515),
  (603,4,'17.05.2018',700),
  (1176,1,'01.10.2020',208),
  (1055,7,'23.02.2024',162),
  (1227,5,'13.03.2013',781),
  (722,3,'06.01.2005',681),
  (377,4,'16.05.2024',573),
  (1930,4,'13.08.2018',446),
  (292,6,'17.05.2014',274),
  (1351,4,'30.05.2021',370),
  (236,1,'06.05.2022',827),
  (1961,3,'22.01.2023',358),
  (1814,7,'08.11.2023',374),
  (143,2,'26.03.2007',151),
  (358,3,'03.10.2019',225),
  (1300,4,'22.10.2013',43),
  (1036,3,'09.06.2016',417),
  (1297,2,'21.06.2005',270),
  (324,2,'04.09.2023',435),
  (916,4,'18.10.2024',396),
  (1594,6,'09.12.2005',688),
  (1903,6,'15.06.2005',831),
  (199,7,'24.01.2010',862),
  (1715,5,'14.11.2009',817),
  (1008,5,'26.01.2014',689),
  (1173,3,'30.07.2009',763),
  (1777,7,'09.06.2011',187),
  (471,2,'03.10.2011',990),
  (1280,7,'25.03.2019',306),
  (157,3,'31.03.2012',587),
  (825,6,'13.07.2021',308),
  (1894,6,'24.11.2005',598),
  (1650,4,'07.06.2019',185),
  (264,3,'05.02.2005',209),
  (1936,5,'07.07.2007',720),
  (1976,5,'22.02.2006',630),
  (1442,7,'14.01.2007',610),
  (476,2,'30.11.2019',300),
  (1603,7,'30.11.2019',702),
  (1663,5,'27.03.2013',606),
  (1963,4,'12.01.2024',680),
  (1026,3,'28.03.2006',175),
  (288,5,'27.04.2018',96),
  (101,3,'07.02.2019',960),
  (1678,7,'25.11.2006',508),
  (1125,2,'02.04.2016',462),
  (39,4,'28.01.2017',772),
  (1170,2,'28.06.2017',173),
  (1860,4,'26.02.2010',761),
  (946,6,'17.12.2010',3),
  (1482,7,'15.10.2021',413),
  (1577,2,'04.12.2010',902),
  (95,6,'14.08.2020',487),
  (667,2,'11.09.2015',46),
  (913,3,'17.04.2005',178),
  (338,5,'30.04.2023',2),
  (114,3,'03.06.2008',271),
  (1459,3,'01.02.2009',868),
  (1876,3,'29.07.2021',461),
  (1812,2,'31.03.2006',256),
  (300,4,'31.07.2010',21),
  (576,7,'18.02.2008',268),
  (1900,2,'17.01.2013',786),
  (279,2,'10.05.2007',663),
  (969,3,'09.05.2021',644),
  (1960,2,'09.12.2018',525),
  (1486,7,'06.08.2009',428),
  (827,6,'20.06.2010',913),
  (74,4,'04.07.2017',596),
  (1932,4,'27.03.2014',252),
  (745,5,'04.06.2019',257),
  (1735,6,'17.04.2006',754),
  (1614,7,'31.08.2006',275),
  (341,7,'07.11.2017',428),
  (275,2,'02.05.2012',37),
  (535,6,'06.09.2016',407),
  (148,1,'25.09.2009',298),
  (1066,2,'29.11.2018',210),
  (1411,3,'14.08.2008',833),
  (1863,5,'11.09.2008',396),
  (711,4,'03.01.2024',880),
  (340,7,'03.11.2019',380),
  (1424,1,'31.05.2012',879),
  (1918,3,'06.06.2024',421),
  (1648,4,'14.03.2011',49),
  (672,7,'18.01.2019',326),
  (65,6,'29.10.2016',402),
  (583,5,'17.09.2022',162),
  (1409,3,'23.11.2008',282),
  (661,3,'20.05.2017',386),
  (1679,4,'24.07.2012',450),
  (230,2,'07.06.2005',283),
  (1671,3,'03.04.2011',483),
  (1734,3,'09.01.2005',483),
  (246,1,'10.06.2012',603),
  (51,5,'05.10.2020',794),
  (1574,2,'16.03.2022',468),
  (521,1,'09.01.2017',711),
  (1571,6,'06.07.2010',507),
  (1503,6,'18.10.2012',560),
  (1646,4,'15.11.2009',132),
  (1737,3,'01.09.2007',869),
  (1335,3,'27.08.2010',839),
  (1496,5,'22.10.2016',875),
  (399,6,'30.04.2015',278),
  (496,4,'09.07.2021',156),
  (1518,5,'12.03.2021',139),
  (39,3,'16.09.2016',379),
  (591,6,'03.03.2006',810),
  (1477,2,'07.04.2008',72),
  (1585,5,'05.09.2019',846),
  (1017,3,'24.01.2011',730),
  (615,2,'03.02.2024',301),
  (1311,4,'20.03.2024',110),
  (1824,6,'21.12.2017',609),
  (508,6,'12.01.2005',58),
  (826,3,'05.06.2011',438),
  (215,6,'30.03.2022',397),
  (1163,6,'15.05.2015',288),
  (639,3,'17.07.2017',171),
  (1744,6,'27.04.2005',922),
  (782,4,'27.02.2010',591),
  (295,4,'18.06.2021',477),
  (442,6,'26.02.2015',78),
  (913,2,'29.10.2018',898),
  (1481,4,'01.06.2013',169),
  (234,4,'18.10.2013',455),
  (720,5,'11.10.2006',323),
  (33,3,'12.05.2021',525),
  (455,3,'11.04.2012',351),
  (797,4,'26.12.2007',83),
  (186,2,'02.04.2014',908),
  (78,6,'19.02.2015',690),
  (1049,3,'22.08.2013',189),
  (1348,2,'20.04.2008',388),
  (1857,5,'23.09.2023',11),
  (1439,4,'03.11.2014',112),
  (1779,4,'09.09.2009',757),
  (797,6,'05.11.2018',321),
  (306,4,'09.04.2023',969),
  (549,3,'10.03.2020',674),
  (612,4,'11.02.2017',778),
  (1257,2,'11.01.2009',476),
  (678,1,'10.10.2014',15),
  (1264,4,'26.03.2012',268),
  (458,3,'04.11.2018',713),
  (1888,1,'11.07.2021',17),
  (173,6,'08.12.2007',67),
  (878,4,'10.08.2022',347),
  (273,2,'03.01.2013',312),
  (946,5,'04.02.2017',111),
  (498,7,'16.06.2018',627),
  (880,3,'05.07.2022',747),
  (1382,3,'09.06.2016',954),
  (1716,5,'21.08.2018',780),
  (1502,6,'23.08.2008',176),
  (1021,1,'21.10.2013',287),
  (1454,5,'24.09.2020',589),
  (1394,7,'26.11.2017',421),
  (932,7,'07.09.2010',690),
  (1311,4,'25.11.2011',4),
  (328,6,'20.10.2006',27),
  (33,5,'26.10.2007',732),
  (469,2,'27.08.2012',256),
  (445,5,'08.09.2008',305),
  (550,3,'05.10.2014',705),
  (1645,2,'05.04.2020',660),
  (70,2,'23.12.2005',263),
  (483,1,'12.12.2016',441),
  (1784,6,'01.08.2024',872),
  (431,4,'28.05.2014',794),
  (1548,2,'06.07.2024',941),
  (967,1,'26.12.2008',344),
  (17,2,'15.11.2016',978),
  (1302,7,'18.01.2006',71),
  (1582,3,'03.02.2014',497),
  (1440,7,'26.07.2021',360),
  (1554,3,'19.11.2018',362),
  (1130,1,'23.12.2015',106),
  (1323,3,'25.12.2023',888),
  (56,6,'02.11.2009',99),
  (621,3,'29.07.2007',213),
  (1476,2,'27.05.2010',111),
  (1121,1,'06.07.2015',811),
  (1926,3,'13.09.2013',662),
  (1876,3,'23.11.2023',690),
  (962,1,'13.07.2010',768),
  (1663,5,'05.01.2023',363),
  (1900,2,'13.10.2019',475),
  (187,5,'09.09.2019',520),
  (745,5,'12.01.2017',537),
  (1118,6,'10.04.2010',647),
  (808,3,'18.01.2017',656),
  (1628,6,'02.04.2008',216),
  (462,6,'05.10.2014',985),
  (1451,6,'12.03.2010',255),
  (500,6,'07.04.2007',688),
  (322,3,'10.11.2017',461),
  (1133,4,'17.12.2012',287),
  (705,5,'18.10.2024',301),
  (565,5,'12.11.2014',410),
  (399,1,'18.05.2010',781),
  (248,1,'22.12.2021',130),
  (1300,5,'17.06.2016',568),
  (522,4,'26.04.2023',667),
  (353,1,'28.09.2021',303),
  (1252,5,'25.04.2018',184),
  (1729,6,'12.03.2013',823),
  (1018,6,'26.01.2020',231),
  (259,3,'03.03.2015',409),
  (1286,4,'12.08.2007',908),
  (1074,7,'27.07.2007',392),
  (780,1,'01.04.2020',581),
  (465,6,'14.06.2005',246),
  (478,5,'31.07.2014',162),
  (12,2,'16.02.2007',420),
  (22,2,'30.07.2005',30),
  (1466,3,'17.06.2021',716),
  (1111,1,'03.05.2017',890),
  (1562,3,'19.01.2012',359),
  (552,4,'04.02.2007',787),
  (1587,5,'01.06.2013',636),
  (925,3,'12.06.2015',634),
  (793,4,'15.07.2023',322),
  (24,6,'27.10.2023',211),
  (644,5,'05.12.2013',970),
  (1459,7,'21.09.2015',938),
  (1255,3,'25.12.2019',942),
  (1792,4,'08.06.2017',339),
  (1400,2,'20.01.2017',418),
  (1622,4,'20.08.2016',373),
  (355,6,'02.03.2015',442),
  (372,5,'13.01.2010',315),
  (632,3,'29.03.2021',612),
  (1847,3,'25.04.2014',964),
  (246,3,'19.12.2007',632),
  (1626,3,'22.11.2007',599),
  (1165,3,'03.02.2007',745),
  (1725,5,'14.11.2014',14),
  (1521,7,'20.03.2015',797),
  (866,2,'20.08.2021',628),
  (1092,1,'28.06.2017',180),
  (917,1,'15.11.2019',961),
  (1634,6,'04.05.2008',142),
  (310,3,'04.11.2015',802),
  (1898,7,'28.08.2006',354),
  (1984,3,'25.11.2015',988),
  (1889,1,'10.04.2019',183),
  (509,3,'04.05.2015',811),
  (1527,7,'21.02.2015',841),
  (1589,1,'09.07.2018',156),
  (863,5,'30.03.2013',880),
  (1551,4,'21.04.2022',465),
  (376,5,'08.11.2021',376),
  (232,6,'30.09.2013',210),
  (926,5,'04.02.2019',359),
  (1326,2,'09.09.2015',33),
  (1613,7,'27.11.2017',105),
  (1785,3,'11.01.2022',137),
  (551,6,'16.02.2017',486),
  (15,4,'05.02.2017',376),
  (1531,6,'16.07.2005',10),
  (1126,3,'01.07.2016',690),
  (1060,6,'26.07.2017',522),
  (605,2,'11.10.2023',304),
  (64,6,'09.08.2015',998),
  (1456,3,'28.04.2024',879),
  (547,5,'10.04.2012',965),
  (96,2,'11.10.2020',85),
  (1869,4,'18.12.2022',494),
  (1268,2,'29.05.2011',892),
  (1603,4,'29.05.2016',831),
  (44,6,'01.11.2019',397),
  (624,3,'27.07.2022',290),
  (1125,2,'09.03.2024',314),
  (375,5,'03.03.2008',301),
  (1103,7,'11.05.2014',130),
  (1119,3,'01.11.2008',717),
  (349,6,'24.01.2008',565),
  (578,5,'15.05.2022',62),
  (585,2,'15.11.2014',934),
  (980,6,'26.09.2022',505),
  (1581,6,'09.11.2013',209),
  (1047,7,'06.03.2013',144),
  (1440,4,'15.10.2022',948),
  (253,6,'18.07.2008',271),
  (524,4,'12.11.2007',135),
  (1613,2,'31.01.2014',571),
  (1382,4,'12.08.2006',645),
  (1912,3,'19.04.2018',703),
  (1049,6,'20.10.2013',920),
  (379,6,'16.09.2023',538),
  (2000,6,'04.06.2020',821),
  (1505,5,'29.05.2012',150),
  (1594,2,'15.08.2007',912),
  (1695,6,'15.02.2024',275),
  (1586,7,'15.03.2023',276),
  (1756,6,'05.09.2009',958),
  (1018,5,'07.12.2005',190),
  (211,4,'20.01.2007',387),
  (529,2,'01.11.2024',966),
  (1643,6,'01.09.2010',970),
  (571,7,'29.02.2016',534),
  (277,7,'07.10.2023',961),
  (1133,6,'29.08.2019',217),
  (782,2,'04.09.2014',747),
  (368,2,'17.03.2022',632),
  (875,6,'12.08.2007',643),
  (740,6,'27.04.2021',961),
  (692,2,'02.05.2009',135),
  (1420,2,'07.01.2008',300),
  (1891,7,'30.06.2009',506),
  (500,2,'11.04.2014',157),
  (1710,2,'11.11.2019',141),
  (1275,3,'28.05.2019',856),
  (587,2,'26.11.2019',543),
  (1293,6,'18.01.2007',94),
  (939,2,'29.03.2018',267);
