INSERT INTO journal (id_barbershop,id_service,date,id_client)
VALUES
  (291,1,'23.09.2017',742),
  (506,6,'16.02.2008',865),
  (906,2,'21.02.2021',742),
  (187,5,'26.04.2020',475),
  (1909,3,'19.09.2005',471),
  (1959,1,'16.11.2024',272),
  (154,3,'01.10.2019',830),
  (1845,4,'13.06.2022',646),
  (1644,4,'20.02.2009',302),
  (1739,5,'30.09.2024',393),
  (1297,4,'28.08.2011',790),
  (1003,5,'07.02.2020',469),
  (149,6,'05.12.2008',774),
  (581,2,'12.05.2006',732),
  (242,2,'01.01.2012',117),
  (474,5,'26.05.2008',216),
  (1130,1,'27.07.2011',629),
  (738,2,'26.10.2010',806),
  (1980,7,'10.10.2005',31),
  (396,7,'25.11.2007',801),
  (1435,3,'04.03.2020',642),
  (1896,4,'12.08.2006',843),
  (170,4,'20.01.2022',423),
  (1934,7,'15.02.2015',42),
  (855,6,'25.11.2005',36),
  (636,4,'08.05.2020',958),
  (1890,4,'19.05.2007',216),
  (1953,2,'29.06.2022',83),
  (1117,2,'23.05.2005',985),
  (56,4,'10.11.2023',75),
  (1538,6,'01.02.2021',491),
  (1709,2,'19.09.2011',100),
  (630,6,'24.10.2008',905),
  (1301,5,'05.11.2013',213),
  (1910,2,'16.04.2012',209),
  (1677,5,'25.06.2024',441),
  (948,2,'17.06.2005',5),
  (875,7,'11.11.2015',671),
  (953,6,'30.01.2012',276),
  (1522,4,'27.09.2009',387),
  (46,2,'13.10.2024',343),
  (1653,5,'02.05.2018',162),
  (1232,2,'02.01.2021',785),
  (475,3,'17.04.2020',610),
  (771,6,'01.12.2009',853),
  (332,3,'28.05.2015',881),
  (168,7,'21.03.2016',581),
  (1127,7,'04.07.2014',134),
  (1449,6,'16.10.2010',2),
  (1017,4,'25.12.2013',865),
  (589,5,'29.06.2015',131),
  (36,2,'11.01.2015',92),
  (1504,1,'22.04.2014',351),
  (1657,3,'09.12.2023',865),
  (926,2,'08.02.2017',213),
  (28,5,'30.04.2017',880),
  (1377,7,'03.05.2013',280),
  (1335,1,'27.07.2007',878),
  (1683,2,'02.04.2014',415),
  (691,5,'12.03.2010',418),
  (1237,4,'09.06.2006',141),
  (45,3,'29.07.2018',810),
  (703,3,'09.02.2023',248),
  (1207,3,'03.06.2011',12),
  (1459,6,'18.11.2009',207),
  (1464,1,'05.12.2015',833),
  (323,6,'07.06.2013',167),
  (992,7,'15.05.2006',87),
  (1484,3,'12.08.2024',560),
  (1565,3,'17.02.2007',721),
  (1591,1,'18.09.2014',736),
  (868,6,'19.01.2005',15),
  (1571,6,'27.09.2024',488),
  (238,7,'18.10.2018',368),
  (782,3,'13.05.2012',503),
  (620,2,'06.05.2022',57),
  (1583,6,'23.03.2023',402),
  (573,2,'29.07.2022',615),
  (743,2,'29.12.2018',501),
  (925,4,'09.07.2024',188),
  (1205,6,'12.07.2005',171),
  (1322,6,'14.02.2022',328),
  (1647,6,'22.07.2009',995),
  (326,1,'15.05.2021',138),
  (1827,5,'29.11.2005',627),
  (359,2,'14.12.2023',215),
  (535,3,'07.05.2013',639),
  (627,7,'06.05.2012',578),
  (1614,4,'25.03.2023',920),
  (209,5,'17.02.2024',411),
  (820,4,'31.12.2016',113),
  (529,4,'04.07.2024',16),
  (1145,6,'12.04.2024',36),
  (230,1,'24.08.2020',746),
  (1039,3,'22.09.2018',568),
  (168,6,'20.05.2014',931),
  (964,7,'06.03.2012',732),
  (1183,6,'08.05.2005',792),
  (1878,2,'29.03.2008',635),
  (391,6,'24.11.2017',641),
  (655,5,'06.12.2020',350),
  (415,4,'03.06.2017',778),
  (1406,5,'07.12.2014',823),
  (1277,5,'10.09.2015',528),
  (507,2,'24.03.2012',587),
  (591,5,'17.12.2010',960),
  (1754,4,'31.05.2008',14),
  (1399,2,'26.10.2013',805),
  (1558,6,'14.05.2023',558),
  (1016,3,'07.07.2009',372),
  (287,6,'14.12.2008',369),
  (325,2,'13.07.2023',399),
  (1922,5,'14.04.2014',552),
  (1658,4,'28.09.2019',653),
  (427,6,'27.04.2017',541),
  (997,2,'03.06.2011',463),
  (1438,1,'01.09.2020',825),
  (958,5,'28.08.2018',743),
  (1761,2,'19.12.2017',891),
  (793,4,'16.05.2024',309),
  (584,7,'07.05.2020',650),
  (1496,5,'05.02.2021',344),
  (1573,7,'07.12.2006',419),
  (1797,5,'20.10.2009',154),
  (960,6,'29.07.2007',566),
  (101,6,'11.04.2012',302),
  (274,4,'27.02.2017',993),
  (444,1,'20.04.2020',409),
  (2000,7,'06.10.2015',890),
  (1966,4,'11.02.2024',398),
  (1738,5,'15.09.2014',314),
  (223,4,'13.05.2008',262),
  (1274,3,'17.07.2018',285),
  (193,3,'11.07.2007',491),
  (1046,2,'25.11.2021',831),
  (1412,5,'19.08.2023',931),
  (911,5,'09.04.2018',690),
  (594,4,'28.10.2019',505),
  (588,6,'17.01.2023',813),
  (1618,3,'05.12.2005',83),
  (925,4,'09.02.2005',79),
  (133,2,'09.05.2013',981),
  (1929,2,'06.10.2022',396),
  (589,2,'14.12.2016',328),
  (630,3,'01.05.2008',839),
  (1918,3,'15.09.2018',572),
  (639,5,'11.09.2014',634),
  (212,7,'08.11.2006',482),
  (442,3,'11.10.2012',235),
  (904,2,'29.04.2009',192),
  (1596,7,'19.07.2021',734),
  (702,6,'24.02.2009',378),
  (1184,2,'22.07.2020',274),
  (971,2,'30.12.2006',807),
  (214,6,'04.05.2010',716),
  (931,6,'10.10.2009',733),
  (912,2,'06.09.2008',923),
  (1531,6,'17.05.2020',143),
  (1949,4,'28.04.2021',53),
  (1602,5,'06.09.2019',760),
  (36,1,'19.01.2013',315),
  (858,5,'28.02.2009',391),
  (108,5,'02.11.2015',126),
  (977,4,'08.04.2016',934),
  (962,2,'15.01.2009',599),
  (1744,4,'26.01.2023',914),
  (426,7,'28.04.2020',601),
  (911,5,'06.03.2017',376),
  (1641,2,'31.03.2014',971),
  (887,6,'13.03.2008',930),
  (370,5,'18.01.2017',326),
  (242,2,'03.10.2019',858),
  (289,6,'23.02.2018',266),
  (1214,5,'22.06.2024',752),
  (640,2,'14.04.2021',20),
  (1476,1,'28.02.2017',853),
  (131,3,'17.11.2007',32),
  (1125,2,'26.05.2011',674),
  (429,2,'04.06.2008',552),
  (1566,6,'19.06.2005',592),
  (171,4,'27.08.2009',472),
  (910,6,'15.02.2008',402),
  (421,4,'14.07.2009',496),
  (79,7,'14.04.2008',982),
  (608,2,'01.10.2013',362),
  (1620,2,'24.02.2014',387),
  (1591,5,'21.02.2006',439),
  (1828,1,'13.11.2005',488),
  (1700,3,'25.01.2022',149),
  (707,6,'14.07.2015',999),
  (1538,3,'31.10.2013',843),
  (1966,2,'13.04.2022',613),
  (1284,2,'05.05.2005',140),
  (144,1,'26.01.2024',663),
  (1976,5,'25.05.2020',683),
  (1493,3,'19.07.2017',424),
  (1041,6,'19.10.2019',936),
  (1972,3,'16.01.2009',188),
  (629,1,'12.12.2020',825),
  (1686,5,'13.11.2005',627),
  (263,6,'20.02.2022',102),
  (1375,4,'22.08.2005',662),
  (606,4,'22.12.2006',710),
  (1798,5,'03.05.2018',847),
  (1273,3,'13.02.2010',892),
  (787,5,'10.06.2012',726),
  (1970,7,'20.12.2019',961),
  (1729,6,'02.06.2021',820),
  (641,3,'30.04.2006',735),
  (895,2,'16.08.2007',539),
  (1821,2,'01.10.2017',578),
  (1607,6,'28.06.2011',413),
  (69,2,'19.03.2020',124),
  (664,6,'22.12.2022',982),
  (542,5,'19.03.2018',895),
  (1090,3,'05.05.2024',92),
  (247,3,'21.05.2005',465),
  (115,5,'05.04.2011',609),
  (877,1,'08.04.2016',822),
  (204,4,'01.03.2024',116),
  (275,7,'25.11.2011',807),
  (1948,3,'15.10.2020',934),
  (1965,2,'18.06.2006',444),
  (1182,3,'25.10.2009',998),
  (1169,6,'17.10.2019',235),
  (1029,1,'04.09.2016',28),
  (893,7,'04.11.2006',447),
  (846,4,'22.10.2020',888),
  (1815,3,'05.10.2024',837),
  (313,2,'09.05.2006',54),
  (1073,3,'18.08.2010',708),
  (613,4,'18.07.2012',543),
  (1320,1,'01.11.2007',476),
  (1944,4,'29.07.2010',306),
  (1623,3,'29.11.2005',788),
  (408,4,'18.10.2006',536),
  (1632,6,'18.05.2013',235),
  (662,3,'09.01.2017',998),
  (621,1,'09.07.2023',864),
  (1113,6,'06.09.2011',219),
  (39,6,'26.07.2009',639),
  (415,4,'22.04.2009',445),
  (1008,3,'29.12.2006',119),
  (495,5,'20.02.2008',119),
  (1582,3,'13.10.2017',755),
  (813,3,'24.05.2008',685),
  (1168,5,'12.03.2019',163),
  (1898,5,'21.03.2022',58),
  (1772,3,'16.11.2009',219),
  (1090,7,'07.06.2012',861),
  (660,5,'22.05.2013',234),
  (398,4,'20.10.2020',997),
  (414,2,'04.08.2005',765),
  (584,3,'16.01.2017',366),
  (843,6,'01.09.2005',587),
  (1921,2,'19.12.2018',1000),
  (1944,6,'04.03.2008',661),
  (409,1,'27.06.2011',54),
  (1275,1,'03.08.2022',116),
  (1416,5,'16.09.2023',290),
  (401,6,'20.11.2009',765),
  (435,6,'05.03.2018',857),
  (69,4,'15.09.2005',564),
  (772,4,'05.10.2008',834),
  (181,6,'31.08.2007',19),
  (1900,3,'27.03.2020',286),
  (468,2,'10.06.2013',651),
  (1007,4,'12.06.2007',283),
  (1469,4,'10.06.2022',163),
  (1664,1,'10.05.2010',969),
  (1622,1,'12.08.2014',375),
  (1131,1,'17.10.2009',109),
  (1454,6,'11.07.2012',885),
  (1125,6,'15.10.2015',501),
  (1690,2,'05.07.2017',373),
  (1853,5,'20.05.2012',565),
  (455,5,'10.09.2022',980),
  (349,2,'27.01.2024',760),
  (1066,4,'02.05.2012',552),
  (817,4,'17.05.2021',477),
  (17,5,'13.02.2010',556),
  (1715,6,'20.05.2019',850),
  (1256,1,'12.05.2015',392),
  (550,3,'10.01.2021',102),
  (599,4,'21.03.2015',455),
  (333,5,'23.11.2019',182),
  (1829,6,'31.10.2014',377),
  (1328,4,'22.11.2020',374),
  (348,6,'18.10.2007',578),
  (186,7,'07.12.2014',221),
  (54,6,'06.03.2022',22),
  (413,5,'13.06.2020',153),
  (1523,2,'02.11.2013',905),
  (960,2,'19.12.2021',444),
  (353,3,'31.05.2016',813),
  (565,6,'10.02.2014',231),
  (816,1,'30.01.2019',626),
  (1179,7,'08.12.2017',840),
  (170,3,'20.10.2019',102),
  (243,1,'17.05.2009',242),
  (895,5,'19.09.2007',287),
  (19,1,'01.02.2021',341),
  (913,3,'30.08.2020',115),
  (1244,4,'03.08.2023',665),
  (691,2,'18.07.2012',451),
  (1989,2,'08.07.2005',829),
  (1085,7,'27.02.2006',723),
  (611,6,'13.08.2010',292),
  (1870,5,'30.08.2009',229),
  (199,6,'18.07.2018',913),
  (1225,4,'04.08.2015',924),
  (1363,3,'03.03.2016',35),
  (898,7,'28.04.2008',279),
  (926,4,'02.06.2010',300),
  (1432,6,'30.03.2007',863),
  (1439,6,'17.02.2012',47),
  (316,6,'01.06.2017',425),
  (1087,3,'19.01.2012',643),
  (1524,4,'12.11.2009',658),
  (1503,2,'22.02.2020',356),
  (1804,4,'08.04.2018',562),
  (1127,4,'28.01.2024',944),
  (1940,3,'10.06.2022',436),
  (226,3,'23.07.2024',61),
  (404,6,'24.09.2007',968),
  (1602,2,'10.06.2009',893),
  (1915,2,'29.01.2022',756),
  (303,5,'12.05.2010',162),
  (1292,4,'11.02.2022',657),
  (1595,3,'04.06.2015',374),
  (1119,6,'21.01.2020',655),
  (1123,5,'05.10.2022',597),
  (931,4,'22.04.2009',832),
  (1360,3,'01.01.2012',494),
  (1720,4,'29.12.2013',115),
  (332,4,'29.05.2024',663),
  (1373,5,'06.07.2014',230),
  (464,4,'09.02.2009',489),
  (252,4,'13.11.2018',470),
  (1779,2,'13.12.2022',610),
  (1744,2,'24.06.2018',606),
  (170,3,'02.10.2013',129),
  (1016,5,'14.02.2011',420),
  (720,2,'01.05.2005',288),
  (1896,3,'28.08.2019',644),
  (1718,5,'13.08.2021',550),
  (1110,4,'20.05.2023',591),
  (315,7,'31.08.2012',746),
  (376,5,'19.03.2014',539),
  (787,3,'17.09.2013',921),
  (611,2,'15.12.2019',123),
  (454,4,'08.04.2008',750),
  (1151,4,'29.04.2014',268),
  (368,3,'16.06.2020',75),
  (323,5,'29.09.2005',462),
  (1234,3,'01.04.2024',717),
  (893,5,'10.06.2013',383),
  (598,6,'07.10.2023',311),
  (716,6,'10.07.2015',560),
  (1710,2,'24.01.2020',488),
  (1973,2,'16.08.2009',527),
  (439,6,'01.02.2016',691),
  (1135,7,'04.01.2015',852),
  (1440,4,'04.10.2023',857),
  (1665,6,'07.10.2022',251),
  (809,7,'22.04.2010',432),
  (1302,1,'30.01.2020',477),
  (364,5,'11.10.2024',907),
  (1546,5,'15.07.2005',513),
  (1304,4,'21.11.2012',406),
  (1533,4,'27.05.2008',352),
  (1405,6,'21.11.2018',614),
  (745,5,'13.12.2010',30),
  (1676,3,'14.05.2011',501),
  (1286,5,'17.08.2006',274),
  (329,6,'10.05.2022',156),
  (1621,4,'12.09.2018',938),
  (1918,3,'12.11.2016',950),
  (1106,5,'01.06.2009',784),
  (56,1,'14.07.2017',285),
  (1257,6,'24.02.2005',808),
  (2,2,'23.03.2019',147),
  (545,4,'25.05.2017',263),
  (1856,4,'08.01.2016',449),
  (1437,5,'09.07.2019',8),
  (374,6,'25.08.2014',391),
  (281,2,'06.02.2011',169),
  (1112,1,'25.07.2007',613),
  (1997,2,'21.01.2020',211),
  (958,4,'28.05.2008',498),
  (249,6,'14.11.2022',90),
  (1197,2,'10.07.2013',479),
  (139,5,'15.09.2012',810),
  (1583,6,'04.07.2022',391),
  (857,7,'05.12.2021',32),
  (1659,1,'02.07.2024',101),
  (1126,6,'08.09.2020',595),
  (466,4,'14.09.2005',443),
  (167,6,'21.04.2020',521),
  (745,4,'26.11.2006',386),
  (1802,4,'31.10.2024',992),
  (1694,2,'27.11.2019',457),
  (634,3,'10.03.2012',294),
  (1930,1,'15.10.2016',717),
  (1921,7,'18.05.2006',838),
  (1181,4,'17.12.2018',899),
  (503,2,'10.09.2011',433),
  (634,2,'21.02.2023',648),
  (1961,7,'30.12.2019',211),
  (1942,6,'09.02.2013',307),
  (359,7,'22.06.2008',288),
  (834,3,'09.10.2008',24),
  (534,7,'01.12.2010',184),
  (696,5,'02.03.2007',195),
  (596,2,'12.06.2021',76),
  (1520,3,'21.04.2015',304),
  (1455,3,'23.05.2007',840),
  (1085,2,'03.01.2023',504),
  (261,6,'28.10.2007',939),
  (615,6,'06.01.2024',899),
  (1186,7,'29.11.2014',892),
  (946,6,'21.09.2019',957),
  (1806,2,'22.03.2018',30),
  (1742,3,'12.05.2023',207),
  (37,7,'24.07.2022',705),
  (590,2,'07.02.2005',389),
  (1196,2,'23.03.2007',763),
  (1137,1,'26.02.2018',280),
  (1705,6,'30.03.2007',997),
  (1543,4,'10.01.2015',669),
  (1995,6,'05.07.2005',99),
  (1963,7,'18.02.2015',679),
  (1827,3,'10.12.2015',465),
  (1238,1,'14.05.2010',513),
  (881,2,'23.01.2024',690),
  (488,2,'12.06.2019',883),
  (1043,2,'16.04.2023',487),
  (1966,7,'17.06.2015',591),
  (1988,1,'31.07.2011',784),
  (1529,7,'12.01.2017',735),
  (1535,5,'07.01.2023',775),
  (1913,3,'05.08.2015',43),
  (1426,2,'31.01.2007',643),
  (414,7,'08.01.2020',500),
  (609,5,'14.08.2013',760),
  (1467,6,'13.12.2023',30),
  (867,6,'31.08.2014',55),
  (536,4,'04.05.2006',530),
  (1602,4,'25.09.2012',394),
  (1882,4,'03.03.2022',706),
  (188,5,'30.05.2010',933),
  (19,6,'22.07.2013',161),
  (1397,2,'28.01.2022',760),
  (575,7,'11.05.2006',224),
  (443,2,'11.10.2020',131),
  (312,3,'20.07.2010',183),
  (1168,5,'12.12.2012',757),
  (881,7,'21.09.2015',705),
  (530,5,'14.11.2012',648),
  (979,5,'07.09.2016',679),
  (1218,7,'30.08.2015',92),
  (246,1,'10.12.2015',569),
  (814,2,'29.01.2017',56),
  (1690,4,'23.11.2006',57),
  (1700,6,'26.10.2011',663),
  (53,3,'27.04.2008',410),
  (1326,3,'23.09.2020',343),
  (371,6,'27.09.2005',14),
  (649,2,'30.05.2005',546),
  (1914,4,'12.08.2005',176),
  (588,6,'15.09.2021',798),
  (195,2,'12.09.2023',387),
  (1700,5,'11.02.2015',838),
  (1947,2,'29.01.2022',960),
  (299,6,'08.07.2006',29),
  (48,3,'09.02.2012',787),
  (314,1,'12.02.2008',378),
  (1257,3,'01.03.2007',119),
  (223,4,'23.09.2017',235),
  (340,1,'10.06.2018',476),
  (170,6,'30.04.2008',78),
  (1901,6,'14.08.2017',603),
  (817,6,'13.04.2023',566),
  (1899,4,'24.08.2022',838),
  (103,7,'19.06.2007',871),
  (1113,2,'07.03.2022',855),
  (1599,6,'09.06.2021',37),
  (986,3,'08.03.2020',991),
  (1591,3,'27.04.2020',110),
  (1489,6,'07.05.2013',426),
  (1656,5,'11.02.2012',956),
  (657,4,'10.07.2024',742),
  (230,5,'19.06.2022',186),
  (13,2,'04.06.2023',668),
  (1999,3,'07.11.2011',628),
  (1297,4,'29.06.2008',401),
  (1826,6,'20.08.2012',949),
  (1915,6,'01.08.2012',617),
  (408,2,'19.06.2013',410),
  (1672,6,'13.11.2018',823);
