INSERT INTO journal (id_barbershop,id_service,date,id_client)
VALUES
  (1153,3,'26.03.2019',784),
  (1396,4,'27.11.2023',453),
  (463,1,'19.07.2013',534),
  (841,7,'17.12.2020',190),
  (470,4,'30.08.2007',613),
  (247,4,'03.07.2023',493),
  (951,5,'10.04.2009',471),
  (1813,7,'09.11.2021',136),
  (137,5,'18.03.2021',62),
  (1826,5,'15.04.2023',979),
  (767,5,'15.09.2018',403),
  (1193,4,'09.01.2019',492),
  (451,6,'25.12.2019',725),
  (1468,6,'04.07.2020',909),
  (278,2,'24.10.2010',70),
  (1589,4,'10.07.2015',525),
  (583,2,'11.11.2024',249),
  (1656,2,'04.11.2010',235),
  (1917,3,'05.11.2010',488),
  (1964,6,'18.06.2012',798),
  (1260,4,'17.08.2024',696),
  (1520,3,'25.06.2023',226),
  (511,3,'15.06.2020',750),
  (1284,4,'24.06.2005',866),
  (1612,5,'25.05.2011',146),
  (402,6,'14.12.2005',127),
  (137,3,'19.08.2018',389),
  (1876,3,'25.05.2005',647),
  (860,4,'22.05.2010',937),
  (1600,1,'21.11.2005',385),
  (544,7,'01.11.2021',993),
  (1177,4,'05.08.2018',263),
  (1263,3,'05.05.2006',165),
  (1740,4,'14.12.2013',814),
  (1171,6,'05.11.2007',753),
  (307,2,'20.03.2016',423),
  (1783,5,'24.01.2009',397),
  (1452,6,'21.06.2019',585),
  (1040,7,'26.07.2021',991),
  (674,4,'09.09.2005',200),
  (253,6,'21.08.2019',873),
  (1856,2,'02.02.2015',651),
  (552,5,'29.01.2009',229),
  (669,6,'26.11.2018',873),
  (1965,6,'30.10.2017',849),
  (156,3,'03.10.2015',522),
  (264,6,'20.06.2012',960),
  (185,7,'02.01.2018',906),
  (1477,1,'17.12.2005',734),
  (1555,4,'26.08.2022',922),
  (1753,4,'26.02.2017',741),
  (1075,1,'20.05.2005',187),
  (1646,5,'27.03.2018',692),
  (72,2,'04.01.2007',254),
  (901,2,'07.07.2005',531),
  (1352,6,'27.05.2009',533),
  (62,6,'10.08.2006',204),
  (1072,7,'24.01.2009',726),
  (1368,2,'09.05.2009',545),
  (728,7,'17.12.2005',633),
  (974,3,'07.05.2008',848),
  (312,1,'26.06.2008',780),
  (1335,4,'25.09.2011',86),
  (713,4,'21.10.2017',355),
  (1326,1,'19.06.2013',924),
  (357,4,'26.06.2019',310),
  (890,3,'05.12.2010',347),
  (1012,3,'01.05.2012',333),
  (779,2,'14.08.2016',71),
  (151,2,'12.12.2008',547),
  (1608,5,'08.04.2015',169),
  (398,4,'28.07.2022',896),
  (1483,3,'06.05.2012',24),
  (717,3,'06.07.2015',760),
  (181,5,'27.01.2016',626),
  (1110,2,'06.12.2015',520),
  (1823,5,'19.10.2024',217),
  (1781,2,'11.02.2013',14),
  (1132,6,'29.04.2012',17),
  (900,3,'08.09.2020',629),
  (1827,5,'09.02.2022',775),
  (629,3,'20.12.2024',434),
  (701,7,'04.02.2024',568),
  (932,2,'10.03.2020',103),
  (12,3,'19.08.2006',955),
  (1673,2,'01.11.2023',276),
  (668,5,'14.02.2006',95),
  (1505,6,'25.05.2008',390),
  (1787,6,'29.11.2020',771),
  (312,3,'28.05.2017',295),
  (322,4,'23.12.2005',294),
  (413,6,'13.06.2020',785),
  (198,7,'05.06.2022',962),
  (656,2,'15.04.2012',650),
  (587,5,'09.03.2024',161),
  (910,5,'18.04.2008',461),
  (1412,4,'11.08.2011',215),
  (1618,7,'06.02.2024',171),
  (612,3,'16.05.2006',755),
  (1875,4,'03.06.2018',166),
  (1917,5,'06.12.2009',61),
  (373,7,'04.04.2023',233),
  (331,2,'25.01.2017',210),
  (1076,7,'02.11.2009',675),
  (738,7,'27.05.2024',718),
  (1768,5,'18.03.2009',478),
  (1363,6,'30.09.2005',737),
  (1124,5,'07.09.2007',129),
  (1821,7,'22.10.2015',557),
  (1193,4,'21.07.2018',420),
  (1474,5,'22.03.2005',514),
  (203,1,'18.10.2014',399),
  (1648,4,'26.01.2013',381),
  (1034,3,'13.09.2015',993),
  (1541,5,'11.07.2013',319),
  (1508,3,'17.11.2012',991),
  (1162,2,'03.11.2010',546),
  (142,4,'05.08.2021',739),
  (1543,5,'11.04.2007',248),
  (1164,3,'19.01.2012',254),
  (900,5,'30.10.2017',818),
  (1350,5,'02.12.2016',984),
  (1350,4,'19.10.2020',183),
  (39,5,'07.09.2020',824),
  (363,5,'05.05.2018',645),
  (739,3,'23.12.2018',269),
  (1080,4,'21.06.2019',510),
  (1860,1,'05.03.2022',805),
  (735,4,'19.02.2007',67),
  (1585,3,'27.02.2010',631),
  (1449,3,'15.07.2018',475),
  (202,4,'25.11.2019',172),
  (512,2,'05.04.2024',349),
  (226,3,'25.02.2005',648),
  (1083,1,'19.03.2015',720),
  (1750,4,'11.11.2023',484),
  (698,5,'06.05.2011',322),
  (1677,1,'23.03.2018',449),
  (810,7,'04.12.2017',773),
  (724,1,'15.12.2023',908),
  (1510,3,'09.12.2006',571),
  (1012,3,'11.11.2006',620),
  (1952,1,'27.05.2008',219),
  (491,5,'15.02.2019',671),
  (1246,2,'15.06.2008',138),
  (1837,2,'06.01.2016',271),
  (1405,4,'23.11.2021',212),
  (817,4,'08.09.2015',722),
  (137,4,'10.09.2014',700),
  (1890,6,'26.01.2019',247),
  (1643,3,'28.11.2023',965),
  (1057,6,'11.03.2011',637),
  (1930,5,'06.04.2012',140),
  (1969,1,'19.09.2021',787),
  (758,5,'10.07.2009',233),
  (154,5,'22.08.2010',612),
  (1824,3,'23.04.2024',741),
  (1859,2,'13.05.2006',350),
  (476,4,'19.04.2018',800),
  (1583,2,'13.05.2015',857),
  (16,5,'01.01.2015',592),
  (1137,4,'08.04.2015',256),
  (1847,1,'25.08.2007',726),
  (1677,6,'28.05.2017',855),
  (326,3,'11.11.2010',783),
  (1848,7,'25.08.2013',299),
  (458,5,'21.10.2016',852),
  (870,3,'16.07.2024',874),
  (1783,5,'30.10.2005',930),
  (179,5,'21.05.2014',879),
  (1258,7,'01.04.2020',198),
  (1369,2,'02.07.2023',31),
  (1246,5,'17.01.2008',147),
  (1233,5,'26.07.2017',692),
  (1665,7,'17.01.2023',473),
  (501,4,'20.08.2012',382),
  (841,5,'11.01.2024',728),
  (394,6,'24.05.2014',974),
  (1140,2,'06.07.2014',681),
  (627,5,'26.03.2024',907),
  (1743,6,'18.04.2007',305),
  (1991,2,'08.08.2010',832),
  (1370,3,'20.12.2012',322),
  (1760,4,'29.05.2018',459),
  (26,3,'30.11.2014',388),
  (1768,5,'31.10.2008',301),
  (730,2,'13.02.2017',76),
  (63,6,'05.12.2010',415),
  (113,2,'25.10.2023',655),
  (195,3,'01.09.2006',965),
  (170,4,'18.01.2021',189),
  (501,4,'30.01.2016',457),
  (1896,2,'11.08.2016',482),
  (1177,4,'03.11.2024',484),
  (852,6,'25.09.2017',378),
  (95,2,'16.09.2006',137),
  (1490,6,'27.10.2015',61),
  (1249,5,'08.07.2018',534),
  (1837,3,'24.12.2011',653),
  (1791,3,'28.08.2015',528),
  (1957,5,'31.03.2015',965),
  (1378,3,'24.03.2011',198),
  (233,1,'13.08.2005',818),
  (1982,7,'23.09.2006',820),
  (1301,3,'31.01.2018',88),
  (1914,5,'06.03.2013',426),
  (1649,2,'24.10.2018',608),
  (1634,6,'08.07.2018',100),
  (1722,5,'11.12.2021',959),
  (593,1,'25.04.2005',475),
  (1878,6,'28.05.2019',622),
  (1061,4,'28.09.2020',775),
  (9,3,'29.03.2009',533),
  (1782,6,'19.06.2009',95),
  (36,4,'05.11.2017',468),
  (1379,4,'07.07.2014',184),
  (515,2,'27.01.2013',434),
  (75,5,'12.08.2023',762),
  (45,1,'06.12.2006',614),
  (1456,1,'11.05.2017',219),
  (1639,1,'07.03.2018',821),
  (1419,2,'04.06.2006',781),
  (129,2,'25.07.2011',64),
  (1788,4,'23.09.2012',965),
  (1451,2,'17.01.2024',787),
  (1595,1,'06.02.2012',763),
  (252,5,'18.04.2005',635),
  (1348,6,'15.10.2012',804),
  (1716,2,'05.07.2021',266),
  (1651,7,'01.06.2019',872),
  (5,4,'04.09.2020',965),
  (959,3,'23.04.2008',498),
  (1785,5,'09.05.2018',485),
  (961,5,'01.03.2024',943),
  (1595,4,'30.03.2013',157),
  (1082,2,'15.04.2010',58),
  (360,4,'21.05.2024',861),
  (38,5,'28.01.2024',817),
  (1706,2,'08.06.2007',128),
  (486,6,'16.10.2015',353),
  (1492,7,'26.10.2012',558),
  (446,2,'29.04.2022',525),
  (391,5,'25.05.2010',248),
  (485,1,'22.01.2023',904),
  (1594,6,'18.01.2018',119),
  (605,6,'18.11.2022',63),
  (560,5,'19.01.2015',375),
  (1133,3,'22.08.2005',653),
  (1840,6,'21.01.2019',882),
  (1254,5,'16.02.2006',869),
  (1678,4,'27.04.2008',70),
  (835,3,'30.11.2019',727),
  (857,5,'31.03.2006',36),
  (690,6,'26.06.2022',636),
  (1017,3,'15.05.2012',684),
  (1912,7,'14.01.2010',567),
  (1808,4,'29.01.2008',765),
  (539,6,'29.04.2024',406),
  (1608,4,'26.05.2012',108),
  (1680,5,'28.02.2006',742),
  (173,4,'19.01.2019',644),
  (413,6,'01.04.2022',260),
  (1200,6,'17.01.2020',323),
  (1755,4,'02.06.2024',199),
  (1835,2,'16.12.2022',551),
  (801,6,'14.07.2024',42),
  (731,4,'24.07.2024',623),
  (434,3,'01.09.2023',242),
  (886,4,'15.08.2016',335),
  (279,3,'28.05.2022',26),
  (614,6,'15.10.2008',167),
  (960,4,'05.12.2012',69),
  (1529,4,'13.09.2014',373),
  (1854,6,'25.12.2016',428),
  (1050,5,'23.08.2011',289),
  (311,4,'09.01.2021',190),
  (1565,6,'02.07.2013',503),
  (1403,5,'18.07.2009',379),
  (718,5,'23.01.2006',557),
  (1561,5,'05.11.2022',533),
  (1206,7,'03.06.2005',528),
  (881,4,'21.06.2009',844),
  (341,6,'20.09.2022',461),
  (275,7,'30.05.2017',132),
  (653,2,'25.01.2014',911),
  (1413,2,'23.02.2019',677),
  (32,7,'28.02.2016',751),
  (1843,6,'24.10.2018',667),
  (218,4,'18.05.2015',377),
  (22,5,'20.05.2005',841),
  (1260,3,'15.09.2021',193),
  (684,6,'18.01.2019',748),
  (248,4,'04.11.2011',583),
  (966,2,'04.11.2018',839),
  (71,3,'24.02.2021',307),
  (975,1,'09.08.2023',703),
  (1405,2,'18.12.2011',721),
  (664,4,'03.06.2021',742),
  (1275,3,'09.12.2018',995),
  (146,4,'03.06.2006',461),
  (939,5,'10.09.2015',556),
  (791,5,'04.12.2020',906),
  (489,4,'09.05.2022',445),
  (1960,5,'14.09.2020',773),
  (497,2,'08.10.2009',434),
  (907,6,'20.06.2012',407),
  (647,1,'14.09.2012',337),
  (798,7,'21.08.2016',164),
  (1578,7,'01.10.2010',856),
  (1153,6,'22.05.2010',546),
  (782,3,'30.01.2016',311),
  (1977,5,'30.06.2014',60),
  (1599,6,'26.08.2024',760),
  (1318,2,'30.09.2016',910),
  (659,4,'08.07.2005',927),
  (616,3,'09.09.2021',430),
  (1938,6,'10.03.2013',92),
  (1097,4,'08.03.2015',364),
  (1267,5,'17.05.2012',380),
  (1506,2,'18.04.2010',106),
  (1964,3,'08.03.2013',403),
  (798,1,'29.02.2020',918),
  (1499,1,'29.10.2014',369),
  (801,4,'24.01.2018',335),
  (1195,1,'23.08.2015',554),
  (632,5,'27.05.2024',546),
  (72,3,'12.12.2009',156),
  (1860,3,'10.10.2016',908),
  (1403,6,'17.05.2024',195),
  (1507,5,'22.10.2021',467),
  (1402,2,'20.02.2023',812),
  (440,7,'25.08.2011',778),
  (133,6,'10.11.2006',399),
  (1548,4,'16.04.2019',460),
  (44,7,'03.07.2023',6),
  (1066,3,'07.02.2022',190),
  (1831,6,'03.02.2018',813),
  (647,6,'07.05.2024',684),
  (1598,1,'11.02.2024',740),
  (86,3,'06.08.2006',828),
  (1965,3,'23.06.2020',302),
  (1180,2,'07.10.2013',681),
  (133,7,'18.12.2006',380),
  (307,1,'09.11.2020',544),
  (1920,2,'13.06.2014',220),
  (460,2,'26.06.2021',151),
  (1862,4,'13.01.2022',870),
  (1055,4,'09.02.2015',739),
  (720,7,'05.04.2011',745),
  (180,4,'11.09.2014',216),
  (1621,2,'11.01.2020',935),
  (146,1,'06.07.2011',363),
  (498,3,'02.02.2007',771),
  (1683,4,'07.01.2008',651),
  (1337,7,'09.10.2007',275),
  (1772,5,'05.10.2015',234),
  (1254,6,'28.07.2018',561),
  (1196,3,'23.05.2018',585),
  (1561,3,'16.08.2014',368),
  (1363,1,'08.01.2017',151),
  (291,1,'14.03.2022',699),
  (1502,6,'20.01.2005',388),
  (1314,3,'08.06.2009',196),
  (1630,6,'08.03.2010',361),
  (461,3,'24.06.2022',417),
  (1889,5,'25.06.2008',475),
  (1466,4,'28.01.2023',752),
  (1850,4,'10.03.2020',642),
  (1465,2,'19.03.2012',475),
  (1047,5,'15.07.2021',559),
  (600,6,'23.07.2019',766),
  (1692,3,'19.10.2011',843),
  (1169,2,'29.06.2012',446),
  (1352,7,'22.10.2016',928),
  (1353,2,'01.08.2009',31),
  (1584,5,'13.06.2007',273),
  (497,4,'08.02.2014',509),
  (54,6,'26.05.2011',296),
  (499,7,'24.03.2020',738),
  (1018,4,'14.02.2008',269),
  (949,4,'30.11.2013',793),
  (811,7,'20.06.2008',293),
  (1353,6,'12.11.2008',503),
  (1283,5,'04.05.2007',947),
  (1067,6,'05.01.2023',874),
  (979,5,'31.07.2012',292),
  (939,2,'03.08.2017',458),
  (1578,3,'14.09.2019',682),
  (528,3,'21.01.2012',243),
  (1165,5,'29.07.2007',605),
  (548,4,'21.12.2013',333),
  (234,3,'11.09.2017',920),
  (1537,5,'03.11.2019',14),
  (1168,2,'18.01.2023',336),
  (1543,1,'26.06.2021',182),
  (1830,2,'23.06.2011',864),
  (70,2,'22.02.2005',27),
  (1176,1,'21.08.2014',107),
  (425,2,'06.08.2021',893),
  (1276,7,'25.02.2024',265),
  (861,6,'20.11.2014',745),
  (716,3,'05.07.2011',207),
  (63,5,'05.08.2006',269),
  (1669,2,'15.08.2024',546),
  (550,2,'04.10.2015',891),
  (1369,3,'29.12.2018',615),
  (583,6,'26.11.2023',732),
  (895,1,'26.04.2018',757),
  (1861,3,'17.07.2015',274),
  (1744,1,'16.10.2006',428),
  (640,6,'26.07.2009',441),
  (229,4,'11.05.2011',649),
  (563,3,'21.02.2018',718),
  (1173,4,'23.11.2022',496),
  (13,4,'15.06.2023',456),
  (90,7,'01.06.2022',407),
  (966,1,'24.09.2010',493),
  (898,2,'19.04.2016',399),
  (268,2,'05.08.2018',515),
  (1725,3,'21.12.2018',199),
  (1255,1,'06.09.2023',860),
  (1679,3,'28.07.2007',855),
  (769,5,'01.08.2010',561),
  (1920,3,'02.07.2007',877),
  (460,3,'01.03.2020',838),
  (1803,6,'04.01.2023',539),
  (1975,4,'08.04.2021',128),
  (1958,6,'03.09.2018',200),
  (1932,2,'24.05.2009',539),
  (1821,4,'21.12.2011',779),
  (1442,7,'26.01.2015',283),
  (1696,5,'08.07.2023',281),
  (1703,6,'09.02.2018',641),
  (1549,6,'22.02.2014',89),
  (1164,5,'29.05.2024',443),
  (150,2,'26.02.2006',361),
  (1812,5,'04.11.2019',486),
  (1882,4,'21.09.2020',911),
  (1561,7,'16.01.2018',187),
  (1222,5,'08.12.2012',82),
  (1346,2,'14.12.2006',445),
  (1448,5,'27.01.2007',664),
  (87,5,'05.06.2016',947),
  (726,3,'02.04.2011',435),
  (1521,6,'14.09.2008',97),
  (1085,5,'17.03.2005',553),
  (1677,5,'11.06.2023',759),
  (1832,5,'17.02.2008',929),
  (1216,4,'27.12.2024',879),
  (129,1,'06.09.2013',126),
  (137,5,'06.02.2020',752),
  (93,3,'16.03.2012',743),
  (1589,1,'20.12.2023',633),
  (981,4,'23.06.2005',744),
  (1301,5,'07.10.2018',968),
  (415,4,'05.08.2023',522),
  (1058,4,'01.11.2009',196),
  (1658,5,'08.08.2009',969),
  (492,6,'27.02.2017',38),
  (434,4,'15.01.2007',578),
  (987,4,'19.04.2020',982),
  (1097,4,'23.03.2020',751),
  (1057,5,'22.12.2009',880),
  (1530,3,'02.02.2015',472),
  (363,1,'18.12.2019',423),
  (1856,4,'28.05.2017',245),
  (451,1,'05.02.2022',990),
  (1972,3,'12.12.2023',809),
  (662,2,'02.12.2006',11),
  (46,4,'21.01.2012',549),
  (1628,3,'10.12.2012',361),
  (166,2,'13.07.2018',532),
  (1097,4,'31.03.2008',258),
  (1891,7,'18.08.2023',62),
  (204,3,'01.03.2024',314),
  (1951,2,'03.01.2010',121),
  (995,3,'16.06.2022',269),
  (1893,6,'10.07.2007',468),
  (332,7,'23.09.2012',627),
  (1817,4,'16.11.2008',943),
  (1328,2,'01.10.2021',247),
  (275,6,'10.12.2010',419),
  (989,3,'24.04.2013',714),
  (240,6,'09.11.2005',761),
  (1144,6,'18.11.2008',275),
  (1210,4,'28.11.2014',530),
  (429,6,'17.06.2013',649),
  (1907,6,'26.04.2013',972),
  (728,4,'15.05.2020',755),
  (1625,7,'04.09.2013',561),
  (561,6,'12.01.2010',507),
  (177,3,'30.06.2020',460),
  (164,6,'29.10.2020',906),
  (928,1,'18.01.2024',109),
  (441,4,'12.02.2023',150),
  (1399,1,'02.11.2011',735),
  (1064,4,'30.10.2014',377),
  (1941,4,'23.06.2008',467),
  (1940,4,'02.11.2008',499),
  (1177,1,'14.01.2022',151);
