INSERT INTO journal (id_barbershop,id_service,date,id_client)
VALUES
  (346,3,'04.12.2009',283),
  (1722,2,'27.08.2016',540),
  (1899,3,'07.01.2016',404),
  (1711,2,'08.04.2019',211),
  (160,2,'22.03.2018',705),
  (1887,6,'09.01.2015',978),
  (750,5,'06.11.2008',243),
  (316,6,'05.06.2014',251),
  (823,3,'14.09.2017',336),
  (695,2,'05.09.2018',529),
  (1017,4,'01.10.2024',44),
  (1542,6,'28.03.2011',41),
  (934,7,'15.04.2023',773),
  (495,1,'18.12.2018',157),
  (689,2,'06.09.2021',718),
  (292,4,'18.05.2014',86),
  (1609,2,'30.12.2012',627),
  (169,1,'21.02.2017',518),
  (1622,6,'02.09.2010',134),
  (420,3,'09.12.2013',884),
  (1721,5,'15.11.2018',513),
  (1282,6,'18.05.2009',655),
  (345,5,'22.03.2021',336),
  (937,3,'30.11.2006',858),
  (137,1,'01.09.2010',371),
  (703,2,'09.08.2022',714),
  (1042,4,'31.12.2012',988),
  (1436,5,'19.06.2010',35),
  (1729,1,'31.12.2022',481),
  (248,4,'17.07.2021',730),
  (630,5,'06.04.2016',950),
  (915,1,'06.08.2011',622),
  (779,5,'12.08.2022',537),
  (365,7,'05.01.2020',573),
  (632,4,'20.09.2022',918),
  (1059,7,'19.11.2011',841),
  (250,1,'27.08.2011',278),
  (383,3,'27.02.2005',410),
  (170,5,'06.05.2007',314),
  (1692,2,'14.03.2005',634),
  (330,3,'01.05.2015',701),
  (1169,4,'13.02.2008',346),
  (865,3,'21.04.2014',148),
  (1700,5,'11.04.2018',668),
  (1726,3,'24.11.2017',482),
  (1490,5,'14.05.2011',636),
  (892,3,'13.01.2018',849),
  (169,2,'09.04.2006',695),
  (1320,3,'13.05.2009',982),
  (181,3,'03.09.2013',189),
  (1682,3,'18.04.2012',88),
  (1949,3,'04.08.2012',529),
  (1474,3,'14.09.2005',134),
  (1666,5,'10.11.2013',262),
  (107,5,'01.09.2010',275),
  (1560,2,'27.11.2011',695),
  (1601,3,'24.12.2022',355),
  (595,2,'31.08.2020',30),
  (1558,2,'13.04.2017',919),
  (1292,6,'31.07.2022',827),
  (842,2,'26.10.2018',964),
  (621,2,'29.09.2024',611),
  (1247,7,'22.03.2018',355),
  (1323,6,'09.03.2015',129),
  (46,7,'04.11.2009',106),
  (1248,5,'18.11.2009',513),
  (1501,6,'10.08.2015',909),
  (887,6,'23.02.2014',560),
  (1170,7,'30.10.2010',884),
  (566,1,'16.09.2018',58),
  (1282,2,'24.12.2022',289),
  (987,1,'26.10.2007',297),
  (997,7,'15.03.2020',806),
  (1314,6,'20.08.2007',668),
  (1984,3,'24.08.2005',399),
  (1853,6,'27.04.2018',136),
  (1435,5,'25.08.2020',921),
  (1206,4,'11.08.2023',306),
  (1422,4,'09.06.2018',989),
  (1262,4,'17.07.2017',740),
  (1343,2,'17.06.2020',599),
  (582,2,'09.11.2009',196),
  (1739,6,'29.03.2009',784),
  (1424,2,'21.07.2007',773),
  (1699,3,'10.07.2008',882),
  (246,4,'26.01.2024',370),
  (1879,7,'21.03.2020',861),
  (576,5,'05.04.2008',609),
  (562,4,'11.06.2016',291),
  (1030,4,'03.02.2015',61),
  (874,3,'16.11.2018',819),
  (1792,7,'20.07.2005',239),
  (1438,4,'06.09.2023',22),
  (1856,2,'04.03.2023',986),
  (498,7,'07.09.2010',818),
  (668,4,'27.11.2020',427),
  (1196,4,'06.07.2010',225),
  (1442,3,'08.05.2015',56),
  (1516,5,'23.03.2013',440),
  (800,5,'04.07.2021',382),
  (1889,3,'30.03.2021',338),
  (31,3,'30.12.2021',493),
  (311,4,'09.11.2016',398),
  (1464,4,'22.04.2018',974),
  (34,6,'14.01.2023',803),
  (1896,4,'09.07.2013',16),
  (774,4,'27.01.2014',128),
  (1942,4,'05.04.2017',43),
  (1635,2,'06.02.2013',945),
  (821,1,'03.01.2012',896),
  (1767,6,'29.12.2013',312),
  (1100,4,'01.12.2022',936),
  (1925,7,'01.03.2006',95),
  (1290,1,'13.10.2023',478),
  (406,4,'08.04.2007',791),
  (935,2,'11.07.2021',445),
  (51,5,'22.10.2012',359),
  (1892,1,'24.02.2010',424),
  (739,3,'25.06.2023',691),
  (700,7,'24.11.2009',104),
  (1354,4,'18.05.2008',989),
  (1004,1,'26.03.2015',374),
  (1624,2,'08.07.2012',674),
  (1210,6,'18.04.2017',991),
  (946,3,'10.04.2013',560),
  (1159,6,'03.03.2005',909),
  (1182,5,'19.11.2021',780),
  (145,2,'20.10.2015',756),
  (271,3,'03.09.2008',542),
  (284,2,'12.05.2017',480),
  (364,5,'25.04.2022',553),
  (1941,3,'09.04.2020',275),
  (1904,7,'05.11.2017',205),
  (1043,6,'27.01.2013',236),
  (358,3,'05.03.2006',169),
  (1147,6,'02.02.2024',280),
  (141,2,'10.04.2021',276),
  (525,6,'06.04.2016',378),
  (100,5,'14.04.2005',209),
  (644,5,'09.11.2008',90),
  (1802,4,'12.02.2023',407),
  (1693,1,'13.06.2010',41),
  (560,2,'17.01.2022',543),
  (1344,2,'16.03.2013',903),
  (1922,1,'29.05.2020',269),
  (338,3,'02.05.2018',542),
  (921,1,'06.02.2007',880),
  (1436,4,'03.06.2007',698),
  (1816,3,'28.04.2008',433),
  (957,6,'03.08.2023',29),
  (803,3,'06.12.2018',916),
  (1832,5,'13.12.2023',99),
  (1401,1,'08.08.2005',479),
  (91,5,'12.11.2024',314),
  (1115,6,'13.08.2007',717),
  (390,4,'24.02.2023',838),
  (502,4,'05.12.2012',76),
  (1758,5,'03.05.2011',283),
  (38,1,'10.10.2017',69),
  (1321,6,'29.06.2019',66),
  (463,5,'28.03.2012',402),
  (1167,5,'20.09.2009',359),
  (100,7,'26.06.2005',367),
  (1195,6,'22.02.2015',546),
  (1465,5,'24.07.2020',424),
  (767,3,'03.10.2005',597),
  (1490,3,'21.08.2014',446),
  (179,5,'25.09.2013',851),
  (1870,1,'01.05.2015',341),
  (1932,6,'30.04.2013',115),
  (769,7,'19.02.2014',223),
  (1106,5,'11.10.2017',394),
  (721,5,'01.12.2013',44),
  (461,4,'17.10.2013',437),
  (1605,3,'22.11.2011',715),
  (335,2,'09.06.2013',489),
  (156,1,'27.03.2008',189),
  (1272,3,'13.09.2009',943),
  (1697,6,'28.08.2014',319),
  (1194,4,'23.06.2023',500),
  (431,5,'05.08.2013',78),
  (413,2,'31.05.2023',278),
  (1554,4,'12.07.2015',32),
  (1692,3,'17.12.2005',116),
  (393,3,'27.10.2009',870),
  (203,1,'26.12.2007',470),
  (1009,6,'08.04.2017',853),
  (411,3,'05.01.2010',378),
  (605,5,'18.03.2022',647),
  (1646,6,'14.07.2006',467),
  (1674,3,'28.01.2014',845),
  (563,2,'28.04.2007',950),
  (1906,4,'27.06.2014',375),
  (1792,4,'28.06.2017',183),
  (1584,1,'17.01.2021',388),
  (1493,6,'17.01.2017',680),
  (1730,4,'22.09.2014',253),
  (861,2,'09.02.2007',119),
  (1826,7,'21.04.2006',218),
  (989,2,'15.09.2019',422),
  (590,5,'14.12.2020',796),
  (1713,2,'24.10.2024',734),
  (1766,2,'17.02.2023',863),
  (350,5,'26.05.2013',831),
  (1976,7,'08.03.2010',940),
  (99,1,'13.12.2021',651),
  (396,3,'18.08.2013',107),
  (818,7,'23.07.2023',659),
  (1611,6,'28.11.2023',920),
  (168,4,'30.06.2013',515),
  (1506,4,'18.12.2015',903),
  (802,6,'26.01.2020',250),
  (1557,4,'14.01.2019',55),
  (1928,2,'15.12.2020',580),
  (794,3,'14.11.2022',324),
  (1651,1,'25.02.2021',767),
  (1139,5,'24.11.2011',858),
  (1813,4,'10.03.2010',951),
  (692,6,'31.07.2016',183),
  (510,4,'01.09.2006',50),
  (1580,7,'01.05.2008',703),
  (1051,4,'15.08.2018',9),
  (1096,7,'16.05.2015',513),
  (10,3,'25.11.2012',351),
  (1335,2,'21.10.2018',404),
  (719,6,'04.04.2009',596),
  (651,2,'22.09.2020',466),
  (225,3,'08.02.2011',764),
  (798,4,'06.03.2008',819),
  (891,3,'06.02.2024',468),
  (248,6,'26.01.2007',395),
  (941,6,'27.05.2013',390),
  (1021,5,'01.06.2007',564),
  (1844,3,'17.03.2006',521),
  (684,4,'06.12.2024',147),
  (1222,5,'27.07.2016',83),
  (512,6,'08.06.2012',346),
  (1621,3,'29.01.2022',830),
  (1741,3,'31.03.2010',813),
  (308,3,'02.08.2021',572),
  (736,2,'04.11.2010',750),
  (1888,3,'12.02.2008',831),
  (875,6,'18.02.2023',75),
  (76,2,'22.12.2008',792),
  (1472,2,'17.08.2015',981),
  (778,1,'25.06.2013',73),
  (1966,2,'26.02.2005',243),
  (199,5,'23.02.2012',322),
  (1099,3,'13.05.2008',349),
  (784,6,'06.05.2017',572),
  (1054,6,'15.08.2014',695),
  (1006,4,'17.11.2020',596),
  (227,2,'22.02.2011',246),
  (761,7,'18.04.2015',64),
  (1467,1,'18.01.2018',442),
  (738,1,'28.08.2023',668),
  (847,2,'19.12.2014',108),
  (1862,4,'09.07.2007',559),
  (764,7,'11.11.2009',797),
  (667,1,'29.06.2007',689),
  (802,3,'24.01.2011',351),
  (33,1,'29.08.2021',539),
  (1615,7,'23.07.2008',431),
  (608,5,'09.10.2005',518),
  (235,6,'13.05.2011',16),
  (1138,3,'06.10.2012',454),
  (754,3,'31.07.2010',885),
  (1656,3,'07.10.2016',270),
  (1470,3,'09.11.2020',764),
  (154,2,'12.10.2019',10),
  (318,6,'01.04.2008',988),
  (497,2,'01.08.2022',179),
  (1843,7,'22.06.2006',7),
  (467,1,'27.04.2019',218),
  (827,5,'27.09.2005',256),
  (1880,4,'06.06.2014',949),
  (564,5,'28.10.2017',95),
  (122,2,'24.01.2019',25),
  (327,6,'05.09.2023',356),
  (1996,6,'02.10.2019',572),
  (1474,2,'05.08.2017',961),
  (1664,5,'25.03.2009',109),
  (669,2,'11.01.2011',309),
  (1635,6,'18.11.2006',46),
  (252,3,'02.03.2023',308),
  (1217,4,'06.07.2013',358),
  (1259,1,'02.12.2020',19),
  (1529,3,'29.11.2010',300),
  (1348,6,'21.11.2017',806),
  (1903,2,'25.09.2018',27),
  (826,5,'14.04.2006',834),
  (460,7,'03.04.2015',458),
  (1832,7,'24.05.2006',299),
  (1860,1,'10.12.2015',618),
  (548,1,'06.02.2008',284),
  (1884,5,'13.04.2014',9),
  (1742,5,'20.06.2014',413),
  (1755,7,'16.04.2005',627),
  (1957,6,'02.04.2007',58),
  (356,7,'27.11.2013',919),
  (1506,1,'22.12.2021',54),
  (1130,3,'01.04.2017',198),
  (1745,5,'28.12.2024',890),
  (411,4,'11.11.2016',621),
  (1742,2,'20.02.2005',239),
  (1128,6,'03.02.2023',117),
  (1400,5,'17.11.2022',846),
  (1603,1,'15.09.2022',67),
  (92,2,'25.09.2023',98),
  (460,1,'25.09.2012',850),
  (599,6,'17.12.2009',472),
  (1825,4,'25.08.2009',262),
  (961,4,'30.10.2021',187),
  (1566,1,'21.04.2013',47),
  (388,5,'27.04.2014',244),
  (1577,2,'24.09.2006',292),
  (1807,5,'23.11.2017',107),
  (1037,3,'21.07.2014',860),
  (1681,7,'16.11.2009',684),
  (500,3,'31.03.2014',362),
  (1773,6,'17.06.2018',513),
  (22,4,'19.12.2009',992),
  (1757,3,'20.08.2018',330),
  (1722,5,'26.02.2023',16),
  (1917,6,'11.10.2014',371),
  (8,3,'22.10.2013',489),
  (866,3,'24.03.2017',740),
  (936,2,'26.04.2021',484),
  (224,3,'10.05.2006',467),
  (1295,6,'28.04.2022',624),
  (805,4,'24.04.2007',283),
  (1191,5,'07.12.2020',555),
  (1065,2,'17.02.2008',779),
  (1637,7,'24.01.2024',514),
  (1305,6,'05.09.2011',464),
  (458,1,'05.08.2014',45),
  (1759,5,'08.10.2011',115),
  (731,6,'10.07.2023',59),
  (1837,2,'23.05.2012',695),
  (624,1,'02.07.2012',19),
  (1163,6,'01.10.2008',968),
  (564,5,'17.02.2006',961),
  (1012,7,'27.05.2012',869),
  (996,5,'23.03.2023',950),
  (698,5,'01.04.2007',367),
  (1089,5,'21.08.2024',443),
  (53,3,'04.11.2011',848),
  (33,7,'16.08.2023',350),
  (1116,4,'13.10.2009',867),
  (599,4,'07.10.2009',168),
  (1542,1,'11.07.2006',368),
  (1612,5,'29.07.2008',827),
  (800,2,'22.04.2024',693),
  (990,6,'07.02.2024',869),
  (696,5,'03.09.2017',532),
  (1333,1,'22.03.2018',977),
  (1492,5,'03.06.2021',256),
  (36,4,'20.07.2007',505),
  (1239,7,'09.07.2011',88),
  (757,6,'28.05.2008',255),
  (733,3,'24.04.2009',962),
  (355,5,'21.01.2011',965),
  (56,3,'02.03.2017',254),
  (293,5,'12.05.2023',173),
  (1880,3,'24.09.2009',634),
  (843,3,'16.04.2019',662),
  (1166,2,'29.11.2018',948),
  (65,5,'16.04.2009',337),
  (437,3,'01.08.2012',36),
  (1339,4,'05.08.2017',76),
  (723,6,'09.12.2022',283),
  (1630,7,'22.10.2022',794),
  (1827,3,'21.10.2013',331),
  (1269,2,'23.02.2013',409),
  (1667,2,'19.01.2020',529),
  (1743,6,'08.01.2022',401),
  (1930,3,'01.09.2005',213),
  (1614,6,'30.04.2024',904),
  (900,4,'11.01.2013',249),
  (1424,2,'04.08.2023',236),
  (1309,4,'23.06.2007',85),
  (1688,6,'03.11.2013',151),
  (747,4,'29.06.2018',60),
  (1207,1,'18.11.2023',922),
  (1523,3,'08.05.2011',459),
  (913,3,'06.02.2013',940),
  (1372,2,'18.04.2021',557),
  (1069,2,'10.03.2011',521),
  (851,5,'02.09.2013',922),
  (437,7,'18.06.2013',859),
  (444,3,'30.03.2012',884),
  (663,1,'20.07.2016',836),
  (1074,2,'10.01.2016',512),
  (129,2,'21.03.2013',804),
  (1026,3,'31.08.2021',849),
  (392,6,'09.07.2008',817),
  (1372,2,'16.08.2005',167),
  (734,2,'02.12.2012',871),
  (769,7,'18.08.2013',790),
  (1188,1,'29.11.2014',733),
  (1715,2,'24.09.2020',756),
  (284,3,'23.06.2019',416),
  (1645,3,'02.11.2009',270),
  (1430,3,'27.06.2005',673),
  (1561,5,'24.12.2022',185),
  (1970,6,'22.04.2009',651),
  (664,2,'15.04.2014',186),
  (642,6,'16.12.2006',823),
  (340,6,'08.07.2017',240),
  (330,5,'06.01.2011',699),
  (120,2,'07.10.2010',391),
  (1111,7,'14.12.2015',576),
  (120,2,'12.09.2010',420),
  (94,1,'07.04.2015',282),
  (1460,4,'14.06.2011',592),
  (919,7,'09.10.2010',44),
  (1137,1,'06.06.2005',718),
  (195,4,'02.05.2006',613),
  (1330,5,'06.06.2019',292),
  (18,5,'23.03.2014',793),
  (510,6,'16.06.2009',595),
  (780,3,'13.12.2023',166),
  (1945,5,'26.11.2016',32),
  (1299,1,'21.06.2015',719),
  (624,3,'27.09.2023',830),
  (925,3,'30.08.2010',86),
  (1809,2,'05.06.2006',179),
  (1745,2,'06.02.2009',844),
  (1764,5,'09.03.2019',397),
  (576,6,'12.03.2015',311),
  (1637,5,'02.11.2007',98),
  (1279,2,'16.03.2006',151),
  (1353,5,'26.06.2015',195),
  (2000,3,'24.04.2018',558),
  (1015,1,'02.02.2008',665),
  (996,2,'30.03.2023',394),
  (1427,5,'30.11.2022',41),
  (1112,3,'16.12.2011',473),
  (1826,2,'05.01.2006',72),
  (345,2,'13.12.2021',996),
  (659,3,'20.05.2018',399),
  (469,3,'06.07.2012',35),
  (187,5,'22.12.2009',838),
  (826,3,'12.12.2010',612),
  (132,3,'10.03.2018',188),
  (248,6,'09.09.2015',510),
  (127,2,'04.09.2016',589),
  (935,4,'10.10.2013',882),
  (498,7,'07.09.2007',638),
  (237,2,'10.07.2010',671),
  (1710,7,'02.08.2006',677),
  (1008,2,'29.10.2023',793),
  (1443,6,'02.01.2013',240),
  (1050,2,'10.08.2010',54),
  (911,7,'28.10.2008',293),
  (1745,7,'22.01.2016',323),
  (1423,7,'06.02.2019',892),
  (240,3,'03.04.2013',415),
  (1437,2,'07.04.2019',795),
  (1357,2,'26.05.2021',64),
  (1861,3,'27.06.2020',996),
  (1663,5,'25.09.2021',723),
  (404,1,'17.05.2010',587),
  (66,3,'01.03.2016',528),
  (1874,3,'01.11.2007',238),
  (256,5,'03.08.2015',915),
  (410,2,'26.10.2019',309),
  (349,3,'06.08.2006',930),
  (651,4,'15.01.2017',51),
  (1122,4,'07.09.2011',256),
  (1102,4,'07.05.2012',188),
  (760,2,'09.09.2010',317),
  (1098,6,'18.01.2008',748),
  (1406,5,'28.11.2007',510),
  (1803,1,'16.03.2006',738),
  (754,7,'08.09.2013',646),
  (87,6,'12.04.2005',521),
  (272,4,'06.02.2009',835),
  (1594,7,'09.12.2005',905),
  (138,5,'15.09.2018',715),
  (1961,3,'23.03.2016',823),
  (1281,2,'07.10.2020',370),
  (1087,4,'21.03.2019',586),
  (600,5,'13.03.2021',918),
  (785,4,'13.10.2010',670),
  (1757,3,'02.04.2010',417),
  (492,2,'14.02.2018',966),
  (904,3,'11.11.2024',673),
  (1074,4,'22.08.2005',910),
  (1278,4,'20.10.2015',943),
  (1018,5,'25.12.2005',295),
  (1686,2,'25.02.2020',983),
  (1377,4,'16.05.2021',627),
  (1057,5,'04.04.2013',473),
  (569,5,'19.09.2014',148),
  (255,5,'02.08.2008',688),
  (1662,4,'14.03.2015',841),
  (1615,5,'20.04.2019',658),
  (304,2,'28.01.2011',265),
  (1386,5,'27.12.2008',471);
